0 24 3399
1 6133
2 37
3 1342
4 24 3379 4589 5695 5693 5694 5698 5699
5 165
6 24 306 41
7 3
8 0
9 13
10 12
11 3781
12 2420 2419 2400 1993
13 11
14 10
15 12 11
16 10
17 11
18 3 2 11 24 26 4
19 26
20 4
21 4 3318 3320
22 11
23 11 12 3 26 34
24 24
25 10 23 1
26 11
27 3
28 3
29 10 19
30 13
31 10
32 8
33 11 18
34 13
35 4590
36 15 17 2508 2506
37 2180 2221 2175 2174 2178 2182 2557 2531 4708
38 3 12
39 1960
40 25
41 5
42 19 20 11 3 4 25
43 2267 2139
44 21 10
45 10
46 4
47 13
48 11
49 11
50 24
51 10
52 10 9 11 4740 4741 4747
53 34 36
54 11
55 10 11 251 295
56 10 11
57 10
58 31
59 0
60 14
61 15
62 12
63 1382 2992 1366
64 465 726 711 702 673 695 679 384 643 627 597 602 378 580 582 538 516 497 492 340 359 298 286 257 109 99 1307 1297 1576 1267 1448 2898 2189 1868 2006 2040 2496 2634 2737 2739 2529 2463 3059 3096 4708 5167 5464 5473 5540 5438 4433
65 1502 1533 1536 1262 1463 1581 1907 1909 2561
66 295 109 301 252 168 494 497 679 359 673 1366 1889 2175 2174 2176 2179 2182
67 269 260 301
68 60
70 723
71 122 125 114 124 156 607 428 157 172 195 199 403 404 538 528 582 197 535 722 94 98
72 444
73 391
74 3113 4013
75 1593
76 437
77 654 301
78 254 215 60 48 49 71 103 275
79 295 301 592 1414
80 4574
81 5845
82 274
83 583 668 341 165 168 340 638 697 494
84 269 326 369 524 584 271 242 241 645 394
85 478 479 606 199 195 519 239 512 216 217 221 222 103 105 231 319 323 325 326 327 372 218 363 357 356 130 435 678 206 48 51 373 448 232 234 434 266 139 426 43
86 264 2094 2136 2095 2949 2738
87 195 194 401
88 2191 2738 2739 2740 2742 2190
89 197
90 237
91 96 585
93 57 56 124 146 155 195 301 157 673 1342 1267 1307 1366 1367 1373 1411 1311 1396 1397 1391 1393 2480 2481 2482 2483 2485 2556 2557 2639 2015 2531 2555 1583 1584 1590 1591 1592 2661 2662 2663 2152 1791 2135 2336 2099 2529 2937 2191 2779 2646 4753 4836 4648 4822 4734 4803 4708
94 582 402 404 199
95 275
96 109 101 460 665 171 254 568 730 729 494 295 402 583 168 636 474 49 103
97 1899 2473 2470 1757
98 150 195 583 480 1955 1953 2262 2264 3758
99 390
100 84
101 531 535 114 582 583 111 666 349 534 155 56 46 731 261 195 196 198 199 157 106
102 198 353
103 596 99 197 359
104 114 583 531 535 479
105 57 673 56 197 391 81 535
106 5264 5308 5284 5369 5300 5288 5311 5318
107 497 268 359 197
108 2119
109 2011
110 2737 2739 2742 2191 2190
111 301
112 500 243 583 636 643 415 425 429 92 112 126 129 139 155 180 195 197 196 255 257 288 309 353 380 401 399 405 251 252 254 621 46 52 274 275 660 498 731 723 724 335 338 711 709 705 673 698 695 404 43 57 59 56 73 88 106 109 118 54 141 131 136 114 145 162 165 171 191 192
113 420 404 170
114 295 3570
115 528 480 157 295 301 60
116 184
117 408
118 118 588 418 334 252 433 267 43 415 429 426 428 145 328 88 165 52 319 340 436 234 56
119 124 102 1649 2736
120 544 303 200 438 74 265
121 109
122 690 157 639 434 668 252 165 168 499 46 105
123 46 56 168 197 345 3161
124 344
125 187 196
126 691 187 196 101
127 302
128 722
129 722 401 239
130 716 317 617 1414 1698 1717 1715 2787 2823 2798 3609 4618 4734 4559 4269 4575 3689 4527 3937 3890
131 169 237 57
132 420 170 135 274 531 533
133 48
134 60 70 224 369
135 722
136 399
137 420 170 535 538 533 568
138 170 107 538 533
139 2308 3000 1743 1688
140 72 460 109 145
141 5304 5339 5282 5343 5370
142 48
143 593 237 210 538 533 535 173 678 216 218 219 220 363 443 54 689 402 403 404 85 439 441 445
144 402 238 109 633 554 556 114 710 608 150 707 349 583 693
145 238 81 633 583 457 114 122 510 381 812 788 1446
146 295
147 405 83 481
148 57 60 73 72 40 635 51 49 935 1034 831 822 1310 1290 1366 1438 1446 2702 2737 2740 2634 3766 3768 3790
149 55 81 83 84 384 740 453
150 109
151 237
152 237
153 275 484 72
154 381 337 712 46 51 822 1423 1430 1296 1297 1321 2983 2833 2119 1570
155 496 251 253 421 422 424 303 308 305 477 544
156 252 494 109 59 690 428 827 2808 2737 2741 2005 1868 2189 2190 2126 3333 3382 3459 3191 2875 3609 3259 3293 3167 3636
157 518 381 337 712 390 46 51 822 1297
158 592 295 301 328
159 275 544 588 108 545 547 548 145 582 148 155 543 158 159 600 207 239 397 401 398 400 57 58 59 172 173 570 568 72 122 125 690 691 107 237 169 170 420 442 478 479 484 689 402 403 404 85 472 56 276 297 223 613 407 460 585 203 522 86 542 46 51 47 49 52 378 357 358 692 322 437 701
160 251 253 252
161 295 170 239
162 1840 2431 2939 3000
163 237
164 722 239 568 114 2474 1650 1898 1958 1672 2264 2771
165 484 722 195 401 398 399 239
166 363
167 46 275 43 56 165 237 267 349 168 2305 1943 6060 6061 6115 6001
168 621 424 699 326 374
169 5055 5071 5091 5085 5129 5086 5087
170 196
171 145 157 195 46 519 59 390 2401
172 83 567 696 84 324 256 510 518 116 521 236 337 712 2473
173 720
174 543 399 197 427 657 56 195 2118 2503 2632 2634 2945 2946 2737 2498 2160 2162 2043 1868 2042 1874 2308 2814 2966 1955 3345 2777 2799
175 416
176 688 224 70 60 474
177 402
178 688
179 209 4605
180 402 114 57 72 88 103 104 109 410 439 626 552 557 634 653 403 404 691 282 526 525 713 711 710 239 545 363 253 159 162 163 164 683 273 488 118 420 505 536 535 641 652 693 694 642 140 569 604 682 353 331 537 701 434 433 382 670 451 121 425 577 132 463 499 500 386 243 342 697 678 275 606
181 567 256 585 583 456 503 348 63 491 102 252 367 407 343 289 3077
182 274 251 201 589
183 4412
184 488
185 114 402 180 492 56 221 208 286 103 121 552 557 634 648 653 710 711 239 363 631 43 78 79 73 109 216 218 222 89 207 528 529 535 187 627 442 443 739 323 641 198 199 267 353 613 145 263
186 83
187 307 506 446 447
188 593 109 402 103
189 535 439
190 87 567 57 494
191 254 251 547 274
192 689
193 2367 2259 2431 2432
194 170
195 425 426 427 428 415 529 533 727 726 56 46 51 149 2295 2297 2293 2346 2440 822 2353 1845 2583 49 252 275 758 2160 1870 1874 2118 2162 2119 2634 2529 1958 2262 2264 2815 2816 2814 1618 2981 1873 2268 3345 3240 3053 2778 2775 3158 2309 3358
196 480 57 109 43
197 107 535 533 210 439 239 169 170 426 253 252 173 420 114 402 341 519 353 606
198 114 109 475 490 489 488 492 486 487 62 61 63 64 179 176 175 174 177 178 56 404 403 402 60 163 162 477 549 551 552 557 128 647 648 653 644 651 650 594 592 51 525 710 711 713 714 606 239 133 363 443 627 442 512 513 514 516 515 634 41 42 43 303 339 229 480 633 693 694
199 237
200 726 145 107 535
201 3240
202 239 403 404
203 275 109 420 239 443 402 404 403 353 342 340 341 252 165 168
204 208 538 533 535 218 363 170 443 399 401 57 59 666 567 568 122 124 690 157 54 77 195 689 403 404 472 445 441 439 78 56 73 87 109 63 126 94 97 99 135 145 150 165 184 189 204 205 206 210 225 238 237 219 220 221 247 255 256 283 288 289 292 230 267 81 82 83 84 324 328 346 347 348 362 361 360 354 367 390 405 341 340 419 448 450 480 482 492 519 518 406 565 564 566 574 583 582 588 272 616 618 609 627 511 509 510 349 635
205 404 46 252 43
206 190
207 628 234 170 518 643 384 197 287 616 646 722 728 731 723
208 434 693 732
209 171 2529 3507 3573 3509 3529 3531 3553
210 368 592 593
211 48 60 70 209 224 227 237 248 67 257 259 295 233 301 269 81 368 435 480 460 568 242 610 599 627 553
212 484 408 48 2529 3000 2999 4974 4975
213 689
214 85 583 822 3268 2551
215 274
216 57 58 170 420 626 643 633 385 384 383 51 726
217 267 295 301 170
218 460 269 60 262
219 34 205 456 602 580 57 494 625 359 454 611 2741 2191 2584 2652 2907
220 342 697 246 709 494 608 48 111 426 443 403 404
221 621 295 402 689 60 275 56 494 497 724 484 668
222 742 722 101 2529 2739 2741 2431 2187 1898 4580 4584 4606
223 497 275 690 2308 3345
224 344 2529
225 239 291 484 482 525 383 653 114
226 295
227 168 724 131 528 328 205 399 345 674 525 664 1561 1457 1464 1470 1267 1297 1354 1575 1582 1605 1307
228 251
229 265 251 254 274 56 2128 2123 2124
230 3769 4619 4705 4706 4753 4750 4481 4769
231 3000 3006 3005 3003 3002 3001
232 2122 2125
233 70 356 250 543
234 726 2529 1869 3257 2947 3293 2849 3630 3265 2887 3449 3113 3288 3289 2844 2888 3858 4077 3860 2911 3066 4673 4658 4602 4543
235 1869
237 197 198 2832 3324
238 734 722 771 798
239 591
240 46 497 275 5546 5450 5433
241 197 198 57 398
242 267 268 139 43 541 73 426 251 252 333 92 588 118 212 131 133 138 505 275 94 97 355 380 424 498 388 387 171 186 598 393 234 604 190 395 320 440 663 382 148 451 713 356 701 670 694 463 75 639 641 672 198 595 732 603 383 569 710 625 693 695 637 711 602 398 601 565 150 714 680 632 690 583 82 579 658 400 194 218 188 567 662 615 322 239 516 403 114 552 557 640 649 653 642 655 656 593 402 103 634 404 499 500 169 386 494 531 507 497 679 689 528 529 530 532 537 109 185
243 193 689 168 60
244 399 690
245 689 673 168 155 2118 1698 2503 1874 1899 2744 3331 3609 2646 2094 2779 2679
246 199 59 173 77
247 141 139 433 74 71 275 102 417 581 355 155
248 109 46 690 196 57
249 502 109 591 241
250 496 274 41 42
251 514 606 611 608 90 578 664 605 674 168 359 377
252 114 94 239 57 170 402 403 404 534 528 78 384 383 385 76 121 124 125 673 668 669 671 318 624 623 625 445 441 439 195 196 199 198 77 672 634 687 685 420 107 43 56 103 105 106 109 54 40 132 133 135 145 149 153 152 443
253 109 498 155 252 275 2126
254 4590
255 197 690 606 616
256 528 538 690 94 399 401 106 105 43 345 46 56
257 142 139 332 416
258 75 409
259 688 433 641 505 311 822 2529
260 5950
261 402 689 403 404
262 3185
263 3758 4746 4299 4712
264 103 1366
265 301
266 263
267 353 482 239 634 402 557 552 743 206 267 594 627 630
268 591 619 109 202 614 721 127 177 284 285 363 502 503 393 394 168
269 157 690 114 402 689 199 196 197 198
270 114 717 377
271 422 321 449 275 251
272 254 496 660 661 308
273 57 106 105 109 114 237 257 359 497 516 538 582 580 616 602 603 454 643 657 384 601 377 402 689 646 673 711 46 726 702 623 456 298 1868 2496 2740 2118 2044 2006 2189 2191 3345 3096 2878 3460 2887
274 295 301 409 410 412 592 3218 4802
275 208
276 393 2093 1507 1954
277 150
278 616 583 155 726 478 481 434 324
279 403
280 668
281 402 403
282 403 519
283 301 295 742 235 786 757 2992
284 267 265 41
285 57 252 46 124 121
286 63
287 237
288 485 3006
289 403
290 403
291 465
292 1354 2669 2651 1702 1935 1366
293 1423 1297 1366 1307 1302 1411 1267 932 933 1396 1414
294 390 583 236 83
295 263
296 767 771 808 799
297 494
298 555 301
299 689
300 102
301 477 485 484 483
302 2118 2257 2975 2818 1619 2258
303 2258
304 743 2989
305 367 391 428 452 413 213 434
306 1651 1649 2047 2737
307 274 138 265 827 1817 2807 1839
308 629
309 516
310 57 64 63 61 113 155 361 391 390 583 379 348 347 716 728 564
311 57 59 109 116 113 112 150 155 151 172 173 286 82
312 3987
313 94
314 123 136 218
315 404
316 103 105 106 345
317 237
318 46 57 56 73 78 104 105 106 107 129 76 102 94 122 125 132 170 169 173 196 363 398 442 480
319 811
320 64
321 461 428 399 319
322 109 458
323 623 359 1457
324 442 583 155 582 124 56
325 335
326 87 219 221 220 328 494 218 390 590 324 716 61 63 518 646 64 116 150 82 84
327 1310 1480 951 850
328 451
329 457
330 324
331 742 301
332 359 3056 3113 3048 3011 3997
333 3854 3826 3898 3850 3679
334 72 161 166 47 69 68 38 42 41 330 329 327 479 480 483 484
335 742 57 3331 2823 2774 2784 3129 2882 3296 2959 3320 3099 2528 3615 2475 4387
336 274 742
337 2327 3002 1617
338 496
339 408
340 425 965 1016 920 935 1423 1296 1265
341 168 480
342 409 1012 889 878 837 984 986 756 1488 1910 2459 3221
343 170 95 102
344 507 675
345 1320
346 2294 2295 2297 2296 2352 2347
347 170
348 425
349 621 253 109 186
350 57 87 170 210 237 504 538 588 595
351 2416
352 301 790 817
353 667 677 771 751 758 757 775 798 252 46 813
354 252 46 275 342 719 666 402 536 535 742 482
355 494 567 568 734 56 244 322 359
356 72 479 484 586 66 80 91 223 228 245 310 375 400 543 253 356 681 704 663 371 523 621 852 1006 986
357 72 154 587 274
358 5694 5693 5696 6138 6139 6140 6142
359 726
360 47 72 109 484
361 41 10
362 303 304 421 423 544 508 119 120
363 341 583 252 165 168 340 46 56 609 689 728 324 534
364 5821 6104 5889 5976 6031 5808 5809 5931
365 193 420 169 443
366 81
367 520 742 3891
368 168 197 122
369 771 774 788 768
370 1636
371 274 275 660 659 159 158 160 161 166 167 168 546 683 38 39
372 742
373 2160
374 3389
375 757 789 746 2297 2084 2221 2118 1698
376 760 2118 2162 2160
377 757 798 797
378 751
379 771 769
380 771 770 786 787 746 774 767 798 799 769 768 795 794
381 785
382 793
383 786 757
384 771 811 809 810 768
385 390 808
386 774 810 811 767
387 757
388 3591
389 155 151 2400 1904 1898
390 811
391 785
392 792
394 746 780 767 774 786 790 812 792 768 754 759 755 764 760 770
395 791 795 784 746 794 781 796
396 757 2789
397 789 768 775 771 755 797 798 799 751 766 767 787 760 812 757 758 811 786 808 745 774 810 791 807 805 800 803 809 806 804
398 771 767 2118 2813 2744 3129 2832 2887 3331
399 765
400 780 782
401 811 771 774 810
402 1875
403 811 798 793 770
404 757 760
405 767
406 1890 2221 2225 2175 2170
407 811 771 774 799
408 811 771 5950 5770 5783
409 758 3187 2805 3079 2745 4833
410 745 790 757 811 777 815 749 780
411 1476 2639 2397 2015 2513 2485 2483 2480
412 811 771
413 813
414 776
415 2738 3187 2189 2004
416 301 2964 1797 3345 1954 1955 2985 1956 2256 2257 1798 2258 2262 2338 2973 2746 2975 2981 2983 2991 2992 1620 1622 2229 2755 3336 2814 2771 2770 2768
417 507 137 135 134 588 139 2945 2117 2058 2633 2808 2059 2995 2965 3337 2308 3345 1954
419 821
422 935
423 1000
424 854
425 881
426 882 1012 1058 1104 1069 1050 1018 880 1068 928 1091 1092 1943
427 858
428 1366 1394 832 1200
430 923 948
431 6025 5970 5812
433 1079
434 3569 3587 3575
435 1076
436 846
437 924
438 1078 927 1016 829 965 920 1060
439 1053
440 1073 971
441 1090
442 969
443 3598
444 838
445 1113 976 977 981 978
446 1264 973 1436 1239
447 1118 858 971 859 1085 1110 1117 924 1020 879 1024 1046
448 4163
449 1075 1078 1077 1169
451 1112
452 821
453 968
454 821
455 821
456 927 1020 1423 1296 3166 3124
457 1321 1383 1430 1308 1290
458 821
459 915
460 822 846
461 920
462 1036
463 986
464 821 2264 2978 2253
465 821 863 1323
466 821
467 827
468 821
469 821
470 830
471 2121
472 918
473 822
474 821
475 821
476 2333
477 995 985
479 826
481 1015
482 1428
483 822 827 826 821 621 251 889
484 827 826 822 821 995 893 865 894 866 897 896 895 1096 1097 984 1330 937 938 941 942 1101 1317 1318 1319 1320 1322 1323 1324 1419 944 951 950 949 948 946 945
485 826 827 1307 1308
486 964 1016
487 1114 1110
488 881 1057 926 1086
489 1012
490 821
491 821
492 915
493 821
494 958 959 893 866 826 821 1424 1428 1349 1533 1603 945 946 949 950 951 905 862 843 1178
495 5599 5601 5602 5624 5627 5628 5654 5655 5426 5641 5642 5643
496 835 1164 1242 1396 5737 5739 5747
497 822
499 866 896
501 822
502 1423 1296 1265 933 1365 1014 1162 1043 1486 1475 1473 1321 1307 1297 1411
503 2702
504 826
505 827
506 822
507 822 4382
509 962 941 1012 893 1178 1322
510 896
511 822
512 821
513 1235 1185 1227 895
514 827
515 4708
517 1162 1020 1139 1548 967 3150 3633 3114 4011 2907 2961 3176 5892 5794
518 1013 954 1019 1330
519 1059 1750 2291 2297 2883 2887 2834 3271 3096 3355 3574 3572 3580 3538 1678
520 895
521 822
522 968
523 832
524 1016 965 1014 1017
525 3762
526 1354 1423 1296 1412 1265 1446 1473 1297 1411
527 26
528 929
529 964 986 959 1153 1182 1183
530 822
531 821
532 1019 1850 2638 2126 4414 4386 4841 5228 5284 5227 5300 5251
533 1401 1400 1457 1525 1573 1576 1290
534 822
535 1137 1177 1064 919 1152 966 1149
536 821
537 1075
538 1157 826 4480
539 3583 3816
540 915 1155 877
541 1023 1027
542 821
543 919 896 879 880
544 891 984 821 1428
545 1018 1036
546 1063
547 1203 1135 1241 836 1065 1066 1030 1350 1062 1295 1144 1293 1418 1022 1021 1060 1001 1115 1133 1136 1175 1196 1220 1237
549 894 897 967 839
551 1116 1183 1188 842
552 891 893 1182
553 1036 1231 1168 1099 1018 916
554 840 1155
555 1364 1366 1317 1320 1321 1322 1318 1425 1424 1288 1290 870 1038 1037 1396 1394 937 1310 1308 1299
556 895 4433 4941 4947
557 1097 1151
558 1043
559 251 304
560 1320 1353
561 1011 1165 1212 1076
562 821
564 826 821 1424 1427 1290 1234
565 1037
566 1352 1312 832 1244 883 1062 1144 755
567 1056 951 1055 944 1178 1229
569 821
570 930 932 1036 811 798 819
571 1297
572 821
573 1053
574 3988
575 982
576 1173
577 834 1083 1028 1054 1051 978 1090 1103 1180 1313 1312 1321
578 1012
579 1049
580 1010
581 826
582 1075
583 1175
584 826 822
585 1036
586 866
587 1247 1221
588 1246 1270 832 1029 1244 883 1311
589 1164
590 1983 2329 2977 2307
591 827
592 1271
593 821
594 1162 1041 1043 933
595 1343 977
596 1245
597 3762
598 1181
599 1320
600 821
601 1075
602 2992
603 1366 2986 4004 4463 4084
604 1217
605 1321 1323 1353 1082 1028 1312 931 929 1324 822 1750 1751 1800 5362 5356 5310 5212
606 1768
607 821 2216 1974
608 1430 1297 1414 1290 1472 1511 835 932 1307 822 1423 1267 1438 1448 1813 1752 2282 4564
609 1354 1315 930 1083 1351
610 874
611 1354 1005 930 1366
612 1364 1348 2431 1587
613 821
614 821
615 827
616 832
617 992
618 821
619 821
620 822
622 827
623 979
624 1075 1077 946 1172 1070 1072
625 821
626 1317
628 1355
629 827
630 821
631 1070 1077 1078 1075 1301
632 821
633 870
634 821
635 1035 832 836
636 1324 894 886 1089 1151 1153 1158 1215 763
637 1398
638 1320 1232
639 1234
640 1354 1201 1234 1036 1325 899 935 1274 880
641 1354
642 977
643 922
644 811
645 822 827
646 1455 1457 1483 1513
647 2268 1739
649 1320
650 822
651 834 1413
653 826
654 1357
655 822 826
656 1063
657 1067 767
658 1319 1357
659 965 1014 1017 924
660 832 833 1311
661 822
662 342
663 1317
665 1425 1421 930 993
667 998 1232 999 1102 1100 1233 980 874 997 996 974
668 821
671 4432 4470 4614 4009
672 821
673 1399
674 1223
675 1052 1311 1393 832 1054
676 821
677 821
678 2499 2006 2004 2189 1868 1899 2463 2946 2188 1898 3315 3081 2798 3446 4012
679 2119 2118 2471 2939 2738 2740 2736 3086 2832
680 1365 1364 1317 1321 1318 1319 1323 1322 1423 827 826 822 2118 1868 1870 1871 1872 2431 2471 2473 2529 2736 2741 1651 2632
682 821
683 821
684 822 4597
685 1428 1320 821 827
686 821 2370 2302 2529 3027 2252 3000
687 827 821 1256 1357 1428 1320 1726 1707
688 3329
689 827 822 821 1324
690 821 1299
691 1439
692 821
693 1413
694 2104 1856
695 826 822 827 821 1301 845 1082 1036 1202 1234 1244 883 1312 1338 1440 1320 1322 1323 1324 1330 1424 1428 1308 1310 1421 1411 1414 1290 1406 1297 1299 1438 1427 1430 1423 1353 1354 1317 1318
696 1323
698 1430
699 827
700 3898
701 821 1466 1468 1532 1531 2358 2362 2103 2108 2111
702 821
703 821
704 826 827
705 1354 1365 1423 1307 1297 1421 1406 1415 1265 930 1062 1029
706 821
707 821
708 827
709 821
710 822
712 821
713 821
714 1423 1296 1365 1265
715 821
716 1324 1323 1303 1304
717 1398
718 821 1357
719 425 577 626 414 153 708 691 430 226 196 343 624 620 104 752 965 920 1138 1020 924 1139 927 1141 1162 1043 933
720 822
721 3345
722 826
723 821
724 952 953 954 2091 1986 2081 2085 1990 2207 2180 2221 2223 1889 2175 2170 2174 2061 1656 2030 2031 2179 2064 1693 1659 1812 2104 2105 2107 2110 2150 2197 2195 2196 1714 2491 2492 2641 2642 3172 2054 2055 2211 2056 2490 2001 2002 2003 2025 2445 1824 4599 4796 4773 4774 4775 4776 4755 4770 4805 4842 4843 4619 4771
725 827 1425 1322 937 941 942 999 1036 870 914 1291
726 822 821
727 821 827 1424
728 821 1320 1356 1366 1346 1424 1307 1256 1298 1301 1304 1419 1259
729 827
730 822
731 822
732 1430
733 822
734 821 2347 2440 2299 2300 2352 1633 2630 2585 2733 1701 5818 5847 5795 5928 6014
735 821
736 822 1423 1265 1267 1296 1366 1365
737 4594 4589 5815 6013 5997 6069 5951 5824
738 1267 1307
740 822
741 822 821 1290 2270
743 821
744 822
745 821
746 821
747 1425 1012 865 1016 1101 1297 1307 1309 1234 1311 1449 1364 1476 1478
748 1290 1318 1321 1320 1430 1307 1308 1261
749 827
751 1106 1107 1195 1224 1151 1572 1263 994 969 1089 1197 1359 1146
752 1265 1296 1162 1293 1144 1295 1294 1292 1143 1141 1140 752 425 577 132 455 414 336 153 286 708 430 121 104
753 822
754 821
755 821
756 821
757 2086
758 5952 6050 5845 5849 5574
759 4060 3987 3989 3988
760 1297
761 832 1062 1043 1029 978 1004 1162 1200 1219 1246 1244 1258 883 1270
762 4371
763 821
764 1343 4625
765 1423
767 827 822 1430
768 826
769 1357 1424 1428 1308 1301 1267 1275 1261 853 845 934 1319
770 827 826
771 1319
772 821 893 1260 865 894
773 1296
774 821
775 2137
776 4594
778 1321 1318 1430 1424 1366 1302 1414 1291
780 1414
781 827
783 1320 1364
784 826 827 1366 1368 1291
785 1318 1321 1322 1424 1290 1250 1243 983
786 821 1322 1424
787 1297 1307 4707
788 2712
789 965
790 827 1291 1430 1290 1297 1307 1373 822 1364 2992 2975 2764 1674 1673 2737 2741 1652 3587 3570 3577 2152 1637 2487 2679 3561 3293 3294 3318 3575 3490
792 821
793 827
794 821
795 827 826 1427 1430 1290 1366 2093 3766 3768 3792 3781
796 821
797 821
798 821
799 932 977 1402 1066 1247 1301 1166 1453 1400 1512 1559
800 822
801 821
802 1101 827
803 822
804 1396
805 826 821
806 1433
808 1354 1309 1266 1267 1447
809 821 822
810 2959 3895
811 821
812 11 10 1 2 3 26 36 621 46 51 49 47 274 275 660 744 41 57 56 71 72 109 93 119 38 96 154 170 169
813 1366 1297 2084 2180
814 2352 2532
815 1036
816 841
817 1214
818 1028
819 1320 1356 1256 844 1319 1357 1466 1514 845 1011 1212 884
820 821
821 1488 2016
822 1172
823 3387 3602 3580 3606 2833 3516 3476 1571 1508 2095 2948 3399 3781 3754
824 847
825 1366
826 822
827 1424 1288 1320 1430 821
828 1616
830 1320 1366 1424 1303
831 2486
832 821
833 1296 1265 1337 1547
834 1297 1290 1155 2157 2225 2221 1168 1411 1414 2591 2668 2690
835 1265 1475 1423
836 1366 4382 4588 4753 4754 4432 4616 2887 2888 4658 4045
837 4768
838 821
839 821
840 1310 1424 1429 1423 1265 1268 1267 1375
841 1570 1430 1308 1414 1290
843 821 1579 845 914 1165 884 1308
844 1290 2529
846 2529
847 1330
848 4308 4306 4274 4404
849 1366
851 2714
852 1310 1303 1304 1262 1581 1577 2204 2205 1749 2436 1518 1677 2531 2431 2529 2602 3387 2412 2425 2532 1615 1616
854 1267
855 1382 2397 2019 1791
856 1296 1423
857 1431
858 1372 1371 1370
859 1343 1375
860 1318
862 1502
863 1485 1538 1334 1425 1458 1317 2081
864 2430
865 1366
866 1320
867 1364
868 1318 1424 1543 1501 1535
869 1290 1321 1354 1430 1423 1309 1296 1412 1266 1268 1447 1464
870 1366
871 1310
872 1382
873 1423 3766 4331 4400
874 1317 1330 1425 1426 1299 870 1037 1040
875 3280
876 1307 1538 1497
877 4399
878 1308 1320 1366 1301 914 1396 3387 3759 4050 3895
879 3766
880 1307 1297 1411 1476
881 1486
882 1366 2992 4593 5997
883 1366
884 1654
885 1427
886 5849
887 1320
888 4900 4923 4925 4931
889 1320
890 1422
891 1533 1581 1501 1262
892 1369
893 1319 1428 1579 1533
894 1981 3002 2327 2259 3766 4228 4305 4784 4298 3060 2830 2909 2910 3942 4317 2999 3008 2855 4767 5817 6010 6011 6000
895 1322
896 1576 1297 1476
897 1275 1535 1301 1462
898 1366 5840 5819 5950 5988
899 2484 2504 2019 1940 2099 2649 2521
900 1322 1424 1324 1480 1323 1577 1581 1262 1267 1449 1452 1463
901 1308
902 1411 1423 1307 1297
903 1345 1485 1340 1364
904 1309
905 2531 4702 4463 4591 4594 4428
906 1423
907 1489
908 1366
909 1733 1809 2263 2261 2734 2339 2966 1954
910 1297 1559 1268 1411 1476 1307 1354 1497 1643 1715 1721 1740 1835 1978
911 1297 1582 1307 1366 1411 1267
912 827
915 1290 1500
916 1428
917 1366
918 821 826 1355 1356 1424 1427 1429 1256 1299 1301 1304 1259 1262 1604 862 863 1075 1077
919 1341
920 1366
921 1425
922 1582
926 1290 1291
927 4353 4314 4387 4407 4308 4301 3056
928 1482
929 1488
930 1380
931 1320 1321 1356 1355 1425 1310 1602 1578 1566 1563 1536 1531 1532 1521 1497 1479
933 1364
934 1291 1424
935 1317
937 1423
938 1580 1307
939 1423 1296 2353 1662 1395 2532 3532 3695 4712 4310
940 1320
941 1366 1298 3358 1933 2358 1610 1660
942 1366 1469
944 1401 2948 2548
945 3118 3123 4528 3889 4983
946 3587
947 1313 1167 854 1083 1035
948 854 1083 876 1313 1035 2691 2685
949 1320
950 1366
951 3478
952 1302
953 1074
954 1267 1457 1478
955 1423 1265 1268 1368
956 821
957 1489
958 1300
959 1234 1515 1036
960 1424 1430 1310 1298 1300 1290 1463 2295 1982
962 1320
963 1457 1368 1423 1424
964 1366
965 1452 1477
966 1423
967 1536 1532 1524 1324 1323
969 1499 5446 5545
970 2531
971 1424 1324
972 2534 2038 2522 1844
973 1163 821 1460 1207 1037 1039 1040 1042 1101 987 1459 1498 1523 1334 1484 1485
974 1582 1576 1543 3404 3409 3422 3407
975 853 1357 2425
977 4415 4414 4416 4307 4308 4278 4458 4387 4325
979 2687 1966 2456 2460 2505 2481 2486 2541 2565 2069 2639 2394 2020 2471 1823 2939 2538 2529 2736 2497
980 821
981 1457
982 1799 1768
984 1302
985 1430 1297 1290 1321 1318
986 827
987 4797
988 822
989 826
990 1497
991 1317
992 1400 1559 1470
993 827 1431 1426 2101
994 1353 3391
995 827
996 821
997 3913 2960 3140 3074 2913 2863 3256 3270
998 1424 873 862 1982 3358 2358 2426 3400 3768
999 4843 4753
1000 822
1001 1240
1002 1435
1003 1562
1004 821
1006 1579 1275 1597 1545 1158
1007 1308 1423 1415 1414 1472 1267 1438 833 834
1008 821
1009 2160 3293 3294 2163 2139 822 827 821 826 2085 2220 2221 2225 2264 2262 2975 2981 2983 2985 3577 3579 3580 1570 1567 1568 3758 3767 3813 3814 3815 3817 3086 3065 3064 3090 3754 3766 3768 4425 4612 2856 2857 2858 3063 3062 2925 3289
1010 1290 1438
1011 1044
1012 1366
1013 1519
1014 827
1015 4593
1017 1094 1200 1222 1353 2631
1018 1390 1389
1019 1424
1020 1307
1021 1198 1050 1225 921 1047 1193 1236 970 1088 1199 1326 902
1022 826 821 822 1982 1985 2262 3576 3579 3711 3702 3695 3532 3575 3601 3488 3550 3580 3266 2832 2833 3114 3150 3664 2848 3241 3319 3168 3783 3823 3791 4304 5821 5962 5780 6009 6058 6089 5968
1023 822
1024 826
1025 821
1026 2071 2072 2395 2458
1027 826 4266 4308
1028 821
1029 1369 1373 1368
1030 826
1031 821
1032 2124 1839 3253
1033 821
1035 821
1036 944
1037 826
1039 826
1040 821
1041 827
1042 822
1043 821
1044 1423
1046 1013
1047 821
1048 870
1049 1425 1284
1050 1493 1494 1455 1456 1457 1453 1454
1051 2423
1053 921 954 899 880 1084 1072 1071 1069 1147 1225
1054 821
1055 826
1056 826
1057 827
1058 5684
1059 822
1060 827
1061 3379 5687 5694 5693 5697 6130 6132 6133 6134 5704 5705 6136 6135 6131 6129 6138 6139 6140 6145 6144 6143 6142
1062 1366 1317 1307 1297 1421
1063 821
1064 822
1065 2084
1066 4520 4522 4581 4582 4600 4728 4727 4608 4609
1067 1310
1068 1812 1810 1801 821
1069 1812
1070 3381
1071 1812 1753 2398 1657 4591
1072 2223 1991 2225 822 1354 1307 1268
1073 821 1168 1226 4697 4666 4392 4711 4707
1074 2078 2090 2089 2218 2219 2222 2151
1075 2176
1076 2423
1077 1753 1890 1891 2220 2398 1887
1078 1812 1811 1754
1079 1423 1290 1321 1365 1849
1080 1812
1081 1751
1082 1812
1083 2105
1084 4441 3783 3909 3861
1086 1300
1087 1774
1088 1774 4228 4305 4478
1089 821
1090 1457 1423 1290 1297
1091 1814
1093 3575 3510 3516 3602
1094 822
1095 1423 1296 1265 1486 1473 1475 1365 1297 1267 1546 1783
1096 1751
1097 2062 2177
1098 1366 1473 1423 2207
1099 4591
1100 2371 2370
1101 295
1103 822
1104 1393
1105 822 1430 1308 1290 2282 2673 2687 1903 1902
1106 821
1107 870 1036 1311
1108 2221
1109 2225
1110 2347 1751 2297 2084
1111 2438 2350 2372 2441
1112 1311 1244 883 1350
1113 4382 4373
1114 1787
1115 1928
1116 2084 2177 1658 1991
1118 2225 1889
1119 2084 2085 2221 1885 1892 2176 2182 2179
1120 2207 1989
1121 4310
1122 2424
1123 2221 2084 4753 4684
1124 1787 1891
1125 2221
1126 2084
1127 4841
1128 1989
1129 821 2065 2208 1691
1130 1905 1890 2221 1808 2416 2118
1131 2207 2155 1989
1132 2078 2185
1133 821
1134 2084 1891 2221
1135 1885 2155 2262
1136 2424
1138 2207
1139 2084 2221
1140 822
1141 2207
1142 2207
1143 2219 2222 2217 2083 2075 2090 1987 1988 2292 2296 2351 2350 2347 2371
1144 2221
1145 821
1146 2291 2293 2295 1960
1147 2424
1148 2371
1149 2225 4379 4382 4563 4564 4404 4406 4407 4314 4275 4308 5648 5660 5613 5821 6080 6077 5950 5796
1150 2180 2221 2175 2178
1151 2177
1152 2424
1153 1989 1886 2183 2023 1870 3158 3163 2775 2790 3282 425 229 577 529 336 414 669 149 153 100 286 343 691 708 102 620 281 3266 1503 2309 2528 2133 1849 1851
1154 2126 2123 3007 3339 2979 2306 3380 3383
1155 2225
1156 1750
1157 2225 4330 4836
1158 1991
1159 2221
1160 2526 4365 4388 4382 4324 4403 4812
1161 2293
1162 2423 2075 2077
1163 4480 4539 4668 4758 4819 4820 4550 4301 4696
1164 2423 2079 2088 1994 2184 2219 1905 2222
1165 2291
1166 2349
1167 2346
1168 2291
1169 2199 2200 2201
1170 2547 2531 2397
1171 1986
1172 2221 2223 2526
1173 3103
1174 822 2071 2019
1175 1989 2183 2032 2034 2346
1176 2207
1177 4458 4506 4459 4453 4312 4480 4365 4322 4321
1178 1878 2639 2505 2565 2020 2486 2541 2284 1629 2237 2687 1966 2715 2720 2719 2718 2717 2329 3028 3029 2894 1684 1998 1618 2228 2815 2972 1958 1857 3035 2156 3368 2642 2489 1825 2790 3313 2775 2444 2522 2680 2534 2919 3282 3783 3151 3158 3252 3323 3322 3150 2848 3876 3114 3144 4724 4301 4687 4574 4367 4272 4397 4304 4369 4370 4400 4421 4761 4771 4682 4821 4754 4751 4748 4712 4747
1179 822
1180 2034 2183 2526 2401 2207 1886
1181 822
1182 2221 2503 2634 2042 3283 3460
1183 2085 2221 2223 2352 4325 4382 4388 4459 4264 4753 4660 4746 4841 5815 5921
1184 2207 2033
1185 2084
1186 2084 2221 2172 2210 2031
1187 2411 1931 2063 1694 2184 2075 2428 2638
1189 4753 4685 4803
1190 2584 2593 2652 2665 2666 2563 2620
1191 2084
1192 822
1193 2207
1194 2526
1196 2293
1197 2421
1198 4773
1199 2410 2418 2352
1200 2085 2221 2352 2297
1201 2207
1202 2207 2033 2448 2155
1203 1890 1891 2416 2085 4481 4472
1204 1885 2155
1205 2201 2200 4263 4478 4479 4554 4505 4445
1206 2401 1904 2478 1900
1207 2177 2183
1208 2076
1209 2034
1210 2084 2221
1211 821
1212 2225 2421 2399 1787 1892 2175 2422 2170 2172 1657 4845 4841 4713 4835 4836 4843 4822
1213 821
1214 5821
1215 2291 1932 1808 2400 2419 4835 4775 4660
1216 822
1217 2086
1218 4859
1219 827
1220 2291
1221 822 478 2282 2673 1997 3345 2985
1222 821
1224 821
1225 1989 1886 2032
1227 821
1228 821
1229 1890
1230 822 827 826 821 2129 2130 2131 2132 2134 2136 2433 1730 1729 1728 1727 1725 1726 1793 2160 2161 2428 2429 2092 2093 2531 2065
1231 826
1232 1885
1233 2225
1234 2085 2084 4472 4481 4301 4299 4308 4382 4660
1235 821
1236 4508 4815
1238 821
1239 2609
1240 4306 4308 4753 4325
1241 822
1242 2592
1243 1503 1505 1841 1843
1244 821
1245 2295
1248 2294
1249 822
1250 2086
1251 821
1252 821
1253 2033
1254 821
1255 2183
1256 827
1257 2297 1812 2440 2513 2214 2025 2973 1953 2814 1949 2832
1258 2593
1259 2608 2655 2654 2653 2623 2624 2603 2607 2606 2605 2595 2589 2611 2612 2629 2628 2627 2593 2592 2652 2630 2614 2610 2651 2650 2563 2600 2599 2598 2631
1260 2216
1261 822
1263 2631 2216 2433 1518
1264 821
1265 822
1266 821
1267 2547 2542
1268 1423 1365
1269 4312 4507
1270 821
1271 2034 2032 2033 1932 1989 2207 2416 2421 2152 2151 1849 1637
1272 2034 2032 2033 1849 2133 2207 2183 2416 2505
1273 4404 4308 4330 4386 4773 4753 4836 4648 4822 4746 4749 4841 4301
1274 6013
1275 821
1276 821
1277 827
1278 1691 1961 2702 1746 1747 1964 2277 2287 2289 2686 2824 2312
1279 826
1280 2086
1281 2471
1282 2084
1283 3358
1284 3134 4516 4517 3682 4315 4317 4318 4797 2936 4444 4509 4511 4167 4298 4698 4696 4519 4520 4521 4772 4614 4430 4432 4469
1285 822
1286 821
1287 822 827 826 1855 1852
1289 3077
1290 1991 1992 2399
1291 2417
1292 1773
1293 821
1294 2660 2631
1295 2619
1296 2593
1298 3854 3826 2887
1299 3405
1300 2092 2093 2533 2638
1301 2353 2672
1303 2216
1304 821 2119 2162 2160 2004 1899 2103 2951
1305 822
1306 822
1307 821
1308 2592
1309 2352 2297 1753 1775 2346 1812 3587 3575 2832 3758 3823 3850 3532 3516 3600 3603 3552 3554 3547 3113 1506 3894 3854 3909
1310 2585 2598
1311 821
1312 826
1313 822
1315 821
1316 821
1317 822 1974
1318 822
1319 3813 5824 6022 5871 6069
1320 822
1321 2085 1989 1990 1992 1993 2207
1322 821
1323 822
1324 827
1325 822
1326 822 3296 4360 2856 3291 4746 2831
1328 2421
1329 821 4589
1330 2030 2084 2221 2210
1331 821
1332 2592
1333 2175 2174 2010
1334 827 826 822
1335 2291 1812
1336 2428
1337 2583 2353 1998 1296
1338 1881 4591 4594
1339 1911
1340 2074 2639 1883 1884 1881 2019
1341 2457 2513
1342 1812
1343 2531
1344 1910 2459
1345 2457
1346 2531
1347 1654
1348 2480 2557
1349 2556 1654 2504 2513
1350 2093 2459 1961 1867
1351 1882 2394 2639 1879 2512 2016
1352 1912
1353 2767 1958 2972 2228 2815 2736 2497 2538
1354 2639
1355 2741 2040 2529 2738 1652 2118
1356 2429
1357 2510 2017
1358 2736 2815 2790
1359 1865
1360 2531
1361 2531
1362 1910 2507 2509
1363 2092
1364 4812
1365 2486 2565 1878
1366 1910
1367 2069 2237 2687
1368 2394 2016 2020 1878 1879 1880 1881 2557
1369 2689
1370 2397
1371 3407
1372 2214
1373 2394 2069 1878 1879 2020 2557 2481 2486
1374 2069 1655 2639 2637 2394 2395 2396 2397 1878 1883 1884 2554 2531 2505 2512 2513 2481 2486 1943 1799 1790 1718 2687 2690 1962 1966 2692 3266 3252 3293 3241 3325
1375 1655
1376 2069 2637 2395 1878 1883 2016 2486 2565
1377 2092 2093 2066 2065 1655 2428 1908 2208 1866 2461 2215 1789 2682 2277 2312 2285 1719
1378 2531
1379 2460 2069 2505 1966
1380 2531 3597 4593 4591 4594 5472
1381 2020
1382 5992 5951
1383 1960 1961 1799 2676 2795 3420 3422 3409 2600
1384 2486 2565 2531 2069 2715 2727 2237 2672 2687 3558 3532 3587 3575 3601 3488 3592 3783 4900 4914 4910
1385 2458
1386 1865 2209 2707 2513 2638 2639
1387 2637 2639 1881 1882 1883 2531 2074 2396 2462 2560 2457 1906 2512 2513 2214 2073 1943
1388 5744
1389 1912
1390 2092
1391 2531
1392 2531 1906 2511
1393 2428
1395 1911
1396 2428
1397 1877 2154 2690 3409
1398 2531 2561 2458
1399 1906 2510 2017 2073 1910 1911 2462 2458
1400 2682 1789 2702 2277 2288 2694
1401 2832 3113 2887 2931
1402 2533
1403 2683 1691 1963 1748 2794
1404 2531 2639
1405 3468 1583 3374 3573
1406 2831 2832 3101 3113 3280 3474
1407 2346 1886 2514 2464
1408 2721
1409 2639 1631
1410 1745
1411 1961
1413 2287 3418 2832
1414 2682
1415 2690
1416 2721 2282 1799 2671 2674 1628 2236 2284
1417 3570 3585 3640 3639 2993
1418 1959 1746
1419 2239
1420 2288 2702 1961 2682
1421 1799 1770 2310 2311 2322 2673 2675 2676 2240 2239 2238 1632 1630 2701 2727 1960 1961 1962 1966 2282
1422 1961
1423 2284 2048 3781 3829 3892 3880 3881 3882 3883 3884 3885 4050 3816 3932 3933 3758 3785 3822 4305
1424 2282
1425 3407
1427 2092 2071 2639 2395 1882
1428 2428 1908
1429 1746 2274
1430 1799
1431 1965 3352 1818 1837
1432 1788 1691
1434 2727 1790 1960 1966
1435 2313
1436 4943 4946 4915 4916 4922 4970 4902 4907 4958
1437 1962 2397
1438 1799
1439 1790
1441 1983
1442 1789
1443 1799 1631 2639 2553 2531 1910 1911 1884 1906 2511 2507 2510
1444 1799 1771 1770 1966 1960 2690 2701 2239 1879 1880 2393 2394 2396 2637
1445 2727
1446 2723
1447 1631
1448 2277 2824 3111 2861
1449 2282 2687 2690 2286 2285 2672
1450 1962
1451 1959
1452 1961
1454 2794 1790 1962 1799 2310 2282 1630 1631 1632 2239 4688
1455 2073 2074
1456 2797
1457 2690
1458 2583
1462 2667
1463 2702
1464 2630 763 758 814 815 755 765 3808
1465 821
1466 2721
1467 1762
1468 1771
1469 2282
1470 1631 2692 1884
1471 2071
1472 2531
1473 4900 4923 4931 4936 4938 4940 4942 4947
1474 2155
1475 1627 2685 4902
1476 2682
1477 821 1981 2245 2898
1478 1961 1962 1632 2238
1479 1962
1480 822
1481 2482
1482 2084 2221 2176 2177 2178 2179 2181 2182 2526 2010 2937 2737 2738 2739 2740 2741 2742 2160 2189 2191 2005
1483 2668
1484 2511
1485 3554
1486 821 3023
1487 2092 2093 2531 2065 2066 2067 1653
1488 4898 4962 4966
1489 2433 3624 3605 3596 3548 3483 3511 2096 1789
1490 3534
1491 2832 1600 2661 2094
1492 2529
1493 2118
1494 2190
1495 2529 3460
1496 3604 3570 3988 3987 4031 4111 4154 4090 4382
1497 2118 2529 2160 2975 2983 2992 2264 3628 3678
1498 2529 2882
1499 2463 2004
1501 2118 2503 3924 3288 2829 4014 4420 2832 3118
1502 2529 2740 2119 2528 3098 3227 2901 3290 3226 3222 3228
1503 2736
1504 2808 4663
1505 2162
1506 2739 2496 2005
1507 2529
1508 4862
1509 2529
1510 2186 2189 2004 3620
1511 2529 1869 3631
1512 2118
1513 3293 2870
1514 3345 3460 3446
1515 2737
1516 3553
1517 2160
1518 2832
1519 2634
1520 1982 1981 2103 2105
1521 2954
1522 2955
1523 2896 2529 2880 2888 2791 2328 2964 3407 3424 3414 3432 2532 2588 1917 3281
1524 821
1525 2938 1648
1526 1663
1527 2529
1528 1667
1529 1682 3017
1530 1977
1531 2955
1532 2777 3053 2832
1533 2954
1534 2955
1535 3295
1536 2431
1537 1899 2044 2832 1594 1526 1504 3293 3876 2968
1538 2121 2965 3337
1539 2431 2529 4025
1540 2128
1541 2126
1542 2529 2966 2770
1543 3184
1544 2529 2741 2747 2991
1545 2118
1546 1870 2047 2118 2497 2736 2191 2190 2464 2790 3608 3163 1849
1547 2162 2188 2186 1868
1548 1698 2808 2946 2529 2741 2497 1827 2188 2816 1759 2326 1622
1549 2496 2742 2503
1550 2945 2431 2120
1551 2160 2634 2496 2742
1552 2832 3251 2911 3732 3731 3733 4014 4013 2845 3293 2849 3460 3452 46 690 197 536 403
1553 2127
1554 2432
1555 2471 1871 1698 2634 1650 2047 1930 2537 2160 1872 3344 1622 2258 3129 3331 3053
1557 1960
1558 2046
1560 2160 1822 2496 2503 2118 2040 2042 3437 3129
1561 2992 2229
1562 2992
1563 1797
1564 2338 2973 2814 2966
1565 1990 3119 3117
1566 1983
1567 2739
1568 2991 4107 2989 4116 3988 3987 4090 5050
1569 2737 2738 2739 2740 2742 2040 2044 2005
1570 2764
1571 2632
1572 4113 3988 4111 4116 4160 2832 3214 3216 3218 3944 3958 4049 4025 3999 4006 4009 3118
1573 2759 2992
1574 3963
1575 2832 2118 114 85 443 3053 2772 1766 2495 3241
1576 2736 2047 5473 5563
1577 3011
1578 1940
1579 3129
1580 2735 2161 2128 1817 2807 2996 1954 1956 1957 1734 2339 3338 3344 3345 2887 2832 3157 3287 3346 3328 3261 3259 3257 3503 3484 3584 3535 3459 3460 3288 3164 3239 3269 2831 3021
1581 2529 3297 3057 3675 2830 2918 3294
1583 2738 2742
1584 1930 2529 2741
1585 2529
1586 2529
1587 3988
1588 2126
1589 2432 2119 3000 2259 2263 3112 3110 3105 3098 2917 2915 72
1590 2938 2888 2884
1591 2529 2160 2119 2262 2983
1592 2529
1593 2119
1594 2123 2431 2263 3457
1595 2741 1652 2634 2503
1596 3380 3381 3186 3332 2930 3051 3050 3052 2926
1597 2047
1598 2118 2503 3265 2887
1599 2431 2125
1600 2165 3988 2920 5055 5049 5067 5126 5092
1601 2118
1602 2529
1603 1873
1604 2119 2118
1605 2470
1606 2983 2992 3664 3665 3320 3634 3633 2959 2908 3397 3370 3104 3113 3114 3801 3823 3850 3894 3895 3854 3742 3737 3899
1607 2634 3313 2919 3240 3348 3575 3438 3664 2847 3241 1853 4241
1608 2529 2736 1823 3345
1609 1649 2474
1610 2503 2634
1611 2529
1612 2189 2006 2005
1613 1667 3023 2898 3027 1721 1708 2249 1723 1724 3030 2105 2642 2641 2492 2467 2455
1615 2992
1616 1875 2465 2945 1899
1617 2046
1618 1870
1619 2305
1620 2545 2002 2003 2657
1621 2946
1622 1940
1623 1981 1982
1624 1946
1625 2186
1626 1858 2105 2195 1982 1721 2495 2895
1627 2529
1628 3100 3113 2858 3289 3224
1631 2529
1632 2126
1633 3460 3447 3448 3525 3459 3162 3600 3505
1634 2470
1635 2529
1636 4593 4590
1637 1652
1638 2529 3681 3293 3058 3056 3113 2907
1639 2103
1640 2804 3619 2802
1641 1982
1642 2529 2832 1869 3860 4925
1643 1976
1644 2047 2191 2041 2040 2046
1645 2303 3017 1682
1646 2317
1647 2896
1648 2503 2634 2044 1822
1649 2737 2739 2191
1650 2529 2736 742
1651 4753
1653 2497 2736 2815
1654 3746 3712 3693 3900
1655 2529 3000
1656 1977 1932 1991 1994 2224 2223 2400 2410 1993 2399 2398 2225 1990 1889
1657 1982 1985
1658 1868
1659 2529
1660 2937
1661 2529
1662 2737
1663 2895
1664 1985
1665 2114
1666 3004 2259 2252 2792 2929 154 161 3530 3571
1667 1983
1668 2529 4615
1669 1943
1670 3331 2919 1798 2832 5821 5796 5780
1671 2431 2432 2529 1983 1520 2355 2356 4326
1672 2738
1673 3188
1674 2118 2938 2813 2634 2737 1977 1978 1797 2992 2759
1675 1869
1676 2529
1677 1982
1678 2118
1680 1721 2305 2104 2642
1683 2529 3004 2819
1684 2939
1685 2738 2739 2740 2742 2529 2634 2160 2832
1686 2939
1687 2303 2304 2305 1663 1665 1666 1667 1725 1726 1727 1728 1729 1730 1705 1706 1707 1708 1938 1939 1940 1941 1943 1944 1945 1976 1977 1978 1981 1982 1983 1985 2329 2330 2331 2332 2333 2334 2317 2318 2319 2320 1680 1681 1682 1683 1684 1685 2243 2244 2245 2246
1688 2737 2740 2739 2742
1689 1978 2195 2001 2445
1690 2937 2191 2496 2005 3048 4860
1691 2529
1692 1868 690
1693 1943
1694 2529
1695 1671 2971 3000 3345 2326 2328 2821 3451 3470 3438 3297 3294 3295 2899 4833
1696 2529 2634 2160 2118 1873 3129 3315
1697 2992
1698 1983
1699 2992
1700 2501 2500 2499 2498 2502 2737 2632 2634 3257 3262 3148
1701 1721 1985 2095 2832 3113 3107
1702 1982
1703 2191 2043 1822 1674 1756 3118 3123
1704 3002
1705 1982 2895 2897 2144
1706 3163 3608 3266
1707 2831
1708 1982
1709 2739
1710 1726
1711 2454 2026 3237 2027 3035 3368
1713 2939
1714 3333 2140 2806
1715 2431 2117
1716 2737 2738 2739 2740 2742 1649 2496 2503 2118 2040 2042
1717 3641 2819 2803
1718 2186
1720 2464 2529 1870
1721 2104 2105
1723 2248
1724 2529
1725 1726 1983 2455
1726 1982
1727 1665 1943 1722 1998
1728 2684
1729 2945 2118 2937 2503 1812 2221 2084 2928
1730 2249 1732 2895
1731 2258 1955 1759 1758 3460
1732 2305 1977
1733 2956
1734 2814
1735 2047
1736 2814
1737 3345 2254 3000 2262
1738 3000
1739 2685
1740 2145 2111 1893 2602 2455 2212 3039 2110 3037 1894 2303 3018 1685 1682
1741 2055
1742 3468
1743 2992
1744 3004
1745 2984
1746 2259 2263 2980 2981 2982 3000 3003 3380
1747 1673 1618 2975 3345 2992 2972
1748 1797 2992
1749 3345 1954 2985 2251 2262 2975 2118 2119 2122 1868 1873 1698
1750 3293
1751 2752
1752 2254 2771
1753 2750 2991 4103 4169
1754 1687 2366 2259 2306 1744
1755 2262 2981 2983 2992 3345
1756 1957 1734 1809 1689 2306 2339 2321 2979
1757 2368
1758 2790 2775
1759 4089 3281 4135 3652
1760 1673 1670 1672 1953 2264 2814 2966 1620 2229 2973 2983 3345 3129 3113 4013
1761 2992
1762 5087 5049 5067 5091
1763 4768
1764 1955 2308
1765 2807
1766 1955 4628
1767 2262 1756
1768 2986
1769 2832 3118 2931 3994 4638 4351
1770 3000 3003 2263 2971 3335 2830 2832 2834 3349 3350 3257 2791 2919 60 71 72 109
1771 3005
1772 2750 2746 2991 4089 3982 4090 4104
1773 3345 3000
1774 2992
1775 3006
1776 3006
1777 2992
1778 1958 1798 1670 2264
1779 2259
1780 2366
1781 2259
1782 1673 1955 2308
1783 3345
1784 2977
1785 3345
1786 2340 1622 2230 2771
1787 2105
1788 2771
1789 2328
1790 2366
1791 3451
1792 1741
1793 2307 2259 3000 3340 3345 3343
1794 3345
1795 4835 4836 4856 4857 4858 4300 4909 4923 4925 4910 4911 3768 3769 3793 3790 3791 3854 3826 3844 4979 4981 5190 5187 5185 5211 5206 5230 5308 5310 5298 5214 5277 5212 5191 5254 5255 5257 5259 5176 5292 5295 5228 5282 5283 5284 5286 5192 5314 5315 5319 5227 5301 5302 5304 5325 5249 5334 5335 5336 5183 5330 5331 5332 5333 5229 5345
1796 2146 2455 1894 2212 2791 1893 2602 2247 1708 3391
1797 3259
1798 2973 2814 2768 2118 2503 2919 3382 2744
1799 3000
1800 2503 2118 2832 3103 4014 3293 3665 2849
1801 2192 2194
1802 3552 2832 3265
1803 1875
1804 3293 757 43 56 401 425 494 497 529 626 627 392
1805 821
1806 2108 2103 2602 2203 2206 2111 2109 3583 2439 2296 2443 2423 2409 2222 2218 2075 2076 2077 2078 2083 2090
1808 2991 2989 3472 3281 3652 4206
1809 2991 4107
1810 2008 2007 2014 2192 2196 2195 2445 2003
1811 2108
1812 2193
1813 2104
1814 2195 2196 2197 2105 2108 2107
1815 2153
1816 2641
1817 2193
1818 1894
1819 2106
1820 2114 1820
1821 2492 2211 1640 1714 2642
1822 2105
1823 3987 4154 4225 3958 4026
1824 2108
1825 3633
1826 2195 2640 2642 2001 2002
1827 3677
1828 2813
1830 2146 2147 2145
1831 821
1832 1798
1833 2702
1834 670 701 2835 694 382
1835 2790 2775 3282 3366
1836 2782
1837 2112 1728 1946
1838 3158 2834 2833 3257
1839 4611
1840 2736 2118 2045 2047 2937 1870
1842 2633 2160 2161 2125 2117 1840 1735 1690 2263 2307 1743 2974 2982 3000
1843 3475
1844 822 2833 3356 3069 2528 1695
1846 826
1847 2118 2503 2634 3283 2874 3293 3447
1848 2790
1849 3388
1850 2110 2212 1894
1851 3389
1852 821
1853 3387
1854 3475
1855 4051
1856 3399
1857 3399
1858 3328
1859 4427
1860 1771
1861 3407
1862 3403 3763 3781 3351
1863 3424 3425 3426 3407 3412
1864 3418 3424 3407 3414 3423 3421
1865 3413
1866 2118 2874
1867 3405
1868 3406
1869 3407
1870 821
1871 3420
1873 2649
1874 2103 2104 2105 2602 2146 2149
1878 2359 1936
1880 2521
1881 5626
1882 2451 2522 2680 2550 1841 1697 1937 1779 2335 3371 4574 4270
1883 3387 3371 2378
1884 1697
1885 3421
1886 1935 1934 1607 1661 2378 1780 1781 2525 2951 1638 2532
1887 2361 2413 2415 2242 2414 2379 1662 1736 3045 1639 1792 1929 2157 2425 2523 2951 2952 2532 2543 1697 2587 1926 2670
1888 2702 1770 1769
1889 3371 1760
1890 3422
1892 3387
1893 3358 1610
1894 4227 4253 4541 6010 5816 6000 5840 6084 5887 6069 5927 5977 5798 5954 5983 5753 5751
1895 3632
1897 2285
1898 3358
1899 2430
1900 2272
1901 2269
1902 2166 2478 1832
1903 2831 2360 1609 1915
1904 1967
1905 1623 1971 1763 2466 2166 2514 3367 1832 2051 3236 3532 3488
1907 1933
1908 2139
1909 2268
1910 2141
1911 2373 1675 1767 2138
1912 1786 2268 2373 1623 1624 1625 1626 2232 2233 2235 1968 2374 1764 1766
1913 1934
1914 3403
1915 3286
1916 1970 3574 3033 2169
1917 2649
1918 2138
1919 3403
1920 3380 3285
1921 2157 4254 4344 4246 4247 4248 4249 4250 4251 4252
1922 1971
1923 3381
1924 2187 2186 2738 2739
1925 2099 2100 2157 1841 2647
1926 2157 2425 2099 2426
1927 3359
1928 3360
1929 1927
1930 3864 3664 2846 2847
1931 2159 2099 2521 2649 1638 1895 2450 2681
1932 1845
1933 3399
1934 1792
1935 3355
1936 4574
1937 3434 1972 2426 2425 3578 3581
1938 2273 2140
1939 1836 2158
1940 2098
1941 1847
1942 1918 1920 2516 2520
1943 2635
1944 3399
1945 3380
1946 5339 5370 5371 5343 5360 5242 5229 5354 5192 5314 5182 5266 5227 5301 5304 5302 5185 5187 5190 5251 5325 5228 5282
1948 2100 2532 2231
1949 1969
1950 2427
1951 3399
1952 2646 2781 1634 2677 1696 2383 1669 3642 3077 3192
1953 2789
1954 2783 3460 2874 3468 3623 3293 3058 2959
1955 3076
1956 3315 3284 3129 2774 2788
1957 1623 1763 3592 3601 1857
1958 2138 1876
1959 2532
1960 3359 2267
1961 3053
1962 3382
1963 3417
1964 3293
1965 1803 3748 3771 3779 3796 3799 3834 3846 3931 3857 3879
1966 3409
1967 3422
1968 3407
1969 3407
1970 3407
1971 3407
1972 2532 2649 2549 3899
1973 3412 3424
1975 3399
1976 3596
1977 1919
1978 2430 2519 2558
1979 3132 3130 2874 2887 2919 3188 3271 3451
1980 2138
1981 3443 3445 3194 3436 3439 3441 3440 3312 3327 3442 3321 3323
1982 3510 3540 3546 3270 3073 1583
1983 2374 3532 3550 3486
1984 2138
1986 1918 2012
1987 3129 3053
1988 2100
1989 2110 2112 2146
1991 3380
1992 1918
1993 1914
1994 2984
1995 1914
1996 1914 2139
1997 2213 2163 2544 1901
1998 2164
1999 2519 2518 2050 1914
2000 2143
2001 2514 3034 1832 2051 3236 3532 3488 3592 3163 2790 2775 3282 3783 3803 3861 3909
2002 2806
2003 2052
2004 2052 2053 2049
2005 2532 1697 2523
2006 3034 3367 2514 1832
2007 2476 2477 2559
2008 1794 1914
2009 3425
2010 3412
2011 3407
2012 3459 3460 3642 3161 3162 3163 3446 3447 3077 2802 2803 2822 2812 2874 2875 2876 2877 2878 2879 2924 3031 3032 3438 3191 3463 3469
2013 3562
2014 3574 3073 3689
2015 2800
2016 3585 3536 3524
2017 3567 3570
2018 3580 3555 3556
2019 3330
2021 3536 3524 3525 3553 3569
2022 3587
2023 3540
2024 4343 4334 4336 4269 4304 4310 3736
2025 3585
2026 3502 3483 3573 3587
2027 4593
2028 3383
2029 3421
2030 2518
2031 3516 3523 3485 3580
2032 2530
2033 1806 3353 1863 1862 1860 2645 2391 2390
2034 3575 3554 3595 3542 3543 2871 3241 3293
2035 2536 1995
2036 2392
2037 3387
2038 2643 1859 2022 2493 3366 3234
2039 3352 2644 3169 3254 2057 1837 1716 1761
2040 1646 2494
2041 1647
2042 2389
2043 3518 3401 2646 1784 1778 3611 3610 1704
2044 2446 1999
2045 3434 2369 3360 1803
2046 2530 2586 1711 1709 1710 3612 3613 3585 3293 3294 1599 1601 3640 3372 2528 2566 3528
2047 1924
2048 3641 3280 3712 3744
2050 3565
2051 2023
2052 3476
2053 3550
2054 3532 3516 3510 3601 3488
2055 4447 4772 4882 4885 4892 4985
2056 3532 3575 3516
2057 3577
2058 3476
2059 3565
2060 4295
2061 3508 3526 3516 3515
2062 2023 2645 1859 3171 2493 3366 3234 2536
2063 3532
2064 2115
2065 2644
2066 2493
2067 2115 2644
2068 1838 2390 2447 3347
2069 1647
2070 3453
2071 2536 1646
2072 3071 3169
2073 3516 3532 3550 3565 3592 3888 3266
2074 2115 3169
2075 3479
2076 3474 3477
2077 3478 3477 3475 3474 3479 3481
2078 3476
2079 3504 3546
2080 1713
2081 4599 5753
2082 3431 2832
2083 1923
2084 3560
2085 3428 3430 3884
2086 3532 3488 3601 3510 3592 3826 3861 3909 3854 3319 3633 2908 3168 1505 1544 2309 2133 2226 3366
2087 3479
2088 3516 3602 3520 3485 3572 3593 3554 3533 3546
2089 3689 4532 4881 4871 4872 4873
2090 3478
2091 3460
2092 3077 3293 3113 4833
2093 3059 2832 3058
2094 2047 2529 2736 1870 4448
2095 722 114 403 98 579 3449
2096 3104 3113 3055 3289
2097 3165 3673 3092
2098 3640 3451 3639
2099 3478
2100 3532
2101 3453
2102 3641
2103 1952
2104 3529
2105 2820
2106 2082
2107 1950 2854 3385 2962 3720 4532 4850 4534 3718 3670 4847 3936 4865
2108 3449 3077 3450 2832 3270 3097 3280 2893 2892 2891 3621 3648 3658 3293 3296 4878 4881 4433 4528 4535 4645 4895 4896 4522 3888 3889
2109 2780 2779 1854 1855 2487 2449 2094
2110 2094 2487
2111 2094
2112 1791 2948
2113 2528
2114 3515
2115 2528
2116 3454
2117 1791
2118 2434
2119 3163 3608 3532 3575 3510 3601 3488 3592 3550
2120 2487
2121 3460
2122 2646 2679
2123 2137
2124 2433
2125 1635
2126 2434
2127 3477
2128 3650
2129 3646 3627
2130 3478 3477 3476 3474 3565 3563 3567 3569 3490 3491
2131 3474 3477 3476 3520 3590 3541 3542 3544 2832 3356 3270 3271
2132 3453
2133 3481 3474 3475 3477
2134 3510 3517 3520 3493 3505 3546 2883 2887 2833 3660 3626
2135 3468
2136 3474
2137 3181 3455 2927
2138 3574 3508 3516 3525
2139 3532 3488 3601 3592
2140 1848
2141 826
2142 3656
2143 2282 2286 2323 1629 2687
2144 3599 3604 3594 3553 4403 4362
2146 2528
2147 3669 3618
2148 2225 1889 1905 1657
2149 3395
2150 3888
2151 3096 3460 3159 3160 3077 3191 3468
2152 821
2153 2814
2154 821
2155 2439 2438 2437
2156 3573
2157 2301 3510 3520 3546
2158 2975 1953 3574 3575
2159 3554
2160 3454
2161 2248
2162 2245
2163 3412 3417 3407 3432
2164 3399
2165 3769 3850 3516
2166 4310
2167 4269 5942 5975 5983 5794 5808 5810 5747
2168 5049
2169 3934
2170 3532 3558 3592 3266 2887 3103 3114 3144 3702 4840 3158 2833 3205 3858 3862
2171 3781
2172 3781
2173 1903 1906 2510 2015
2174 409
2175 3158
2176 3769
2177 3781
2179 3761 3763 3831 3830 2834 3067 3066 3054 3816 3704 3835 3571 3605
2180 3768 3794 3797
2181 3533
2182 3532 3601
2183 3769
2184 3762
2185 3769
2186 3825 3387 3781 3722 3620 3644 3647 3648 3656 3659 3654 3645 3653
2187 3863
2188 3797
2189 2832 3103 3520 3572
2190 821
2191 3826
2192 3769 3797
2193 3850
2194 3826
2195 3388
2196 3826
2197 3861 4074 3791 3739
2198 3781
2199 3819 3850
2200 3784
2201 3788
2202 3790
2203 3757
2204 4308 4325 4414 4353
2205 3769
2206 3870
2207 3486
2208 3770
2209 3651
2210 3633 2848 3150 3319
2211 2957
2212 3633 3150 3319 3488
2213 3293
2214 3147 2959
2215 3293
2216 5254 5304 5314 5339 5363 5361 5282 5343
2217 3124
2218 3757
2219 3781
2220 3781
2221 3123
2222 3765
2223 3783 3789 3850 3894 3895 3801 3803 3898
2224 3781
2225 3805
2226 2916
2227 3293
2228 2737 2739 2118 2189 2326 2973 3345 2814
2229 2832 2887
2230 3758
2231 4147 3994 3958
2232 3293 3296
2233 3294
2234 3293 3294 3113 3107
2235 3293 3296 3294 3661
2236 3294
2237 3294 3293 3296 3103 3107 3113 3114 3762 3758 2528 2094 2211 2481 2225 2297 1391 1394
2238 2832
2239 2833
2240 3829
2241 3894 3758 3850 3930 4900 4913 5215 5253 5216 5221 5247 5246 5232 5422 5438
2242 3297 3103 3107 3222 4545 4874 3350 2830 2834 3214 4719 2852
2243 3293
2244 3103
2245 3087
2246 3309
2247 3258 3260 2846
2248 3320
2249 3954 2989 3097 3987 3976
2250 3238 3725 3903 2097 3044 2810 3461 1819 4311 3287 3728 4418
2251 3106 3101
2252 3281
2253 969
2254 3293
2255 3090 3233
2257 3763
2258 3798
2259 3113
2260 3781
2261 3766 3791 3815 4414
2262 3781
2263 2209 2707 2533
2265 3738 3741
2266 3886
2267 2832 3020 3251 3232 3211 3214 3217 4715 3011 3126
2268 2887 4849
2269 3681
2270 3293 3665 3320
2271 4060 3987 4090
2272 5135 5067
2273 3939
2274 3781
2275 1083
2276 3762
2277 3769 3402 3281
2278 4015
2279 3987
2280 3781 3782 3784
2281 4225 4169 3988 3987 4031 4090 4114 4138
2282 4405 4277 4386 4533 4397
2283 3826
2284 1396
2285 3868
2286 3826 3815 3928
2287 4346
2288 3467 3401 2880 4433
2289 822
2290 2118
2291 2848 2887 3266 4632 4628 4634 3042 3858 3862 3714
2292 3988 3945 4090 4092 4100 4132 3972 4104 4108 4170 4169
2293 3956
2294 5087 5071 5069 5050
2295 4013
2296 3771 3795 3816 3813
2297 4753
2299 2833 3152 4673 4715 3354 3990 4318 2854 4243 3871 3118 3713 4840
2300 4304
2301 4522
2302 3769 3771 3794 3854 3825
2303 3829 3851 3932 3934 4167 4249 4468
2304 3870
2306 2833 2832 4662 2850 3155 4673 4715 3674 4823 3118 3862 2852
2307 4382 4308 4343 4707
2308 3586
2309 4382
2310 4208 3973 3465 2892
2311 3988 3987 4141 4116
2312 4060 4141 4116 4178 4184 4187 4191
2313 4060 3988 3987 4141 4152 4159 3230 4116 3280 4109 4134 4170 4178 4181 4191
2314 4154 4031
2315 4154
2316 4114
2317 4031 4111
2318 3748 3777 3795 3790 3833 3824 3813 3816 3814 3815 3817 3818
2319 4090
2320 4114
2321 4154 4225 4030
2322 4154 4225 4212 4090 3988 4114 4116 4138 4169 4201 4202 4059 3989 4160 4018 4078 4108 4136 4031 3652
2323 4114 4090 4116 4111
2324 4090 4157 4139 4143 4206 4186 3988 4117 4202 4171
2325 3861
2326 4163
2327 4114
2328 3956 5068
2329 3987
2330 3987 4090 4104
2331 3281 3652
2332 5126 5055 5067 5072 5070
2333 4090 4141 3988 4093 4163 4116 4104 4125 4169 4199 4190 4212 4224 5041 5126
2334 4090
2335 4147 4026 3944 3958
2336 3988 4141 4169 4104 4116 4212 3987 5055 5126 5049 5067
2337 3988 3987 4090 4152 4104 4212 5067
2338 4090
2339 4141 4163 4104 3988 2989 4137 4169 4090 5055
2340 4090
2341 3988
2342 3988 4059 4090 249
2343 4090
2344 3987 4096 3953 3988
2345 4116 5067 5049
2346 3976 3987 4110 4116 4169 3952
2347 4031 3987 4090 4154
2348 3988 4154 4116 4105 4169 4225
2349 4067
2350 4116 4154 4090 3987
2351 4159
2352 3987 4099 4148 3988 4090 3229 4116 4169
2353 4116
2354 3951 3988 4090 4141 4163 4121 4190 4195
2355 4090 4141 4163
2356 4119 4090 4104 4169
2357 4069 3987 4116
2358 3987 4090 3988
2359 4154 4031
2360 4090 3987 3988 3984
2361 4446
2362 5055 5049 5067 5112 5126
2363 2882
2364 3987 4141 4142 3988
2365 3956 4086 4171 4151
2366 4090 3987
2367 3462 4016 4117 3097 4218 4219 4223 4224
2368 3988 4116 4103 4169
2369 3724 3727 4352 4358
2370 4059 3949 3988 2990 3989 4110 4090 4142 4143 4116
2371 4059 3987
2372 4090 3988 4029 4143 4059 4141 3949 4107
2373 3951 3988
2374 4141 3987 4090 4093 4116 4124 4104
2375 3988 3987 4141
2376 4152 3989
2377 4152 4116 4106 4169 4085
2378 4169
2379 3987 3989 4033 4052 4059 3983 4090 4141 4143 4163 4157
2380 4031
2381 3987 4090 4141
2382 3988 3987 3985 4090 4141 4116 4130 4169 5055
2383 3953
2384 4094 4106 4192 4043 4127 4165 4185 3979 4090 4163 4152 3652 4169
2385 3988
2386 4169
2387 3988 4116 4163 4090 3987 4169
2388 4218 4220
2389 3988 4055 3975 4110
2390 3988 3987 4090 4141 4094
2391 3988 4141 4097 4090 4116 4104 4169 3977
2392 3956
2393 3948
2394 3987 4141 4116 4119 3954 3988 3989 4085
2395 4090
2396 3988 3989 4105
2397 3988 3987
2398 3988 3955 4090 4104
2399 4154 4169 4225 3987 4031 4111 4090
2400 4104
2401 3956
2402 4104 4169
2403 4060 3987 3988 4090
2404 4067 3987 3955 3988 2989 3971 3979 4017
2405 5085 5094 5091 5067
2406 3988 4148 4141
2407 4059 3987 4090
2408 4053 3230 3987 2989
2409 3954 3988 4056 3987
2410 2990 2989 3987 4116 4109 4060 4141 5049
2411 4103 4085 3988 3987 4090 4141 4169
2412 3955 3988 4056 3987 3989
2413 4090 3988 5067
2414 4061 3987 4090 4169
2415 4060 3987
2416 3825 3913 3769
2417 3988 3954 4103 4166 4169 3987 4141 5055 5049
2418 4148
2419 5067
2420 4141 4169 4152
2421 3987 3954 4090 4141
2422 3949 4059 3988 3987 3989
2423 3954 3988 4056 4057 4069 4068 4090 4119 4110 4141 4104 4169
2424 3988
2425 3988 4090 4163 4169 2989 3954 3987 4141 4194 4069 4116 4057 4056 4104 3652 4212 4097 4154 3281 4119 4121
2426 3955 3988 3987 4141 3989 4116
2427 3955
2428 4116 3988 3945 3954 4058 4085 4141
2429 3987 3976 4141 4104 4169
2430 4090
2431 3988 3975 4090
2432 5041
2433 4207
2434 4090 3984 5055
2435 4221
2436 3987 3988
2437 3987
2438 4090 3987 4104 2989
2439 4090 3945 3988 3987 4092 4104 4169 5041 5126 5067
2440 5067 5049
2441 3781
2442 4056 3987 4090 4057
2443 4141
2444 4104
2445 3976
2446 4055 3988 4116
2447 4057 3988 3954 3952 3987 3989 4085 4090
2448 4166 4102 4103 4089 4133 4136 4206 3952
2449 3988 3987 4090 4148
2450 4090
2451 3988 3987 4116
2452 3987 4031 4154 4105
2453 3988 4148 4104 4169
2454 3988
2455 4169 4194 4097
2456 4117 5050 5114
2457 3954
2458 3988
2459 4058
2460 3988
2461 3988 3987 4059 4090
2462 3781
2463 4090 4059 3949 3988
2464 4201 4225 3281 4154 4114 2893
2465 4090
2466 3988
2467 4510 4511 4444 4509
2468 3988 4056
2469 4433
2470 4223
2471 4143
2472 4056 3954 3950 3987 4090 4104 4085
2473 5050
2474 4105 4225 4169 4116
2475 3988 4090
2476 4068 3952 3988 3987
2477 4154 4152 4169 4225
2478 4064 4056 4057 4061 4068 4069 3988 3987 3989 4078 4087 4154 4155 3281 2889 4207 3974 4110 4090 4141 4163 4116 4102
2479 3987 3988 4162 4169 4103
2480 4169 4090
2481 3987
2482 3987
2483 3728
2484 3988 4063 3987
2485 3988 3954 3987
2486 3987 4170 4180 4090
2487 4129 4143 4116
2488 3987 4090
2489 4106 4110 4116 4152 4159 4176 4185 4029
2490 3988 4090 4141 4163 4104
2491 3989 4141 3988 4104 4225 4154 4162
2492 3988 4141 4163 4116
2493 3987
2494 3987
2495 4090
2496 3984
2497 4090 3988 4163 4104
2498 3988 3987 4090 4141
2499 3968 3988
2500 3988 3987 4090 4141
2501 4044
2502 3949 3988 4059 3987 4085 4110 4090 4141 4162
2503 3988 4058 3987 3989 4110 4163 3676
2504 4085 3955 3988 4067 4093 3462 4161 4090
2505 5622
2506 3988 4060 3987 4141
2507 3987 5055 5067 5070
2508 4170 4152
2509 4089 3987 4060
2510 4091
2511 3988 4053 2989 3987 4090 4141 4101 4108 4139 3652 4170
2512 4141 4163 3955 3988 3987 4090 4212 4110 5055 5049 5067
2513 4163 5164
2514 4221
2515 4218
2516 4218
2517 3987 3954 3988
2518 4169 4194 5126
2519 3952 3988 4090 3987 4141
2520 4060 4071 2990 3989 4090 3281 4108 4109 4134 3652 4171 4170
2521 4090 4141 3988 4110 4116 4212
2523 3988 4090 4141 4162 4116 4102 4103 4110 4163 4218 4219 4223
2524 4066 3955 3988 4090
2525 4086 4151
2526 3988 3987 4095 4094 4091 4152
2527 3987 3988 4085 4090 3989 4141 4117 4103
2528 3988 4102 4169
2529 3947
2530 4057 4119 4090
2531 4090
2532 3280
2533 4221
2534 3988 4090
2535 4197 4152 4169
2536 3956 4086 4151 2921
2537 4169
2538 3987 3989
2539 3987 3988 3989 4085 4090 4110 4141 4097 4162 4116 4104 4169
2540 4218
2541 3988 4090 4119
2542 4221
2543 4152 4131 4169 4172 4190 4218 4223 4224
2544 4169 4104 4103 3987 5126 5055
2545 3988 4071 4060 3987 4116 4109 4134
2546 3987 4063
2547 4148
2548 4221
2549 3955
2550 3987
2551 4090
2552 3988 4060 3987 3989 4141
2553 4212 4063
2554 4221
2555 3987 3989
2556 4218
2557 4090 4098
2558 4222 4221 4223 4224 4218 4219
2559 4059 4090 3949
2560 4090 4116 5049 5067
2561 4221
2562 4110 4152 4169 4141 4218
2563 3987 3988 3989 4085 4090 4110 4111 4141 4093 4116 4162 4163 4164 4104 4121 4123 4125 4126 4129 4169
2564 3988 4090 2920
2565 4090
2566 4097 4197 4176 4106
2567 4218
2568 3988
2569 4090 3954 3988
2570 4163 3987 3988 3989 4090 4104 4120 4169 4085 5055 5067
2571 3987
2572 2989 3981 4110 4090 4141 4099 4162 4104 4165
2573 4090 3987 4059 3949
2574 4152 4067 4127
2575 4117
2576 4141 4148
2577 3988 3979 4098 4104 4198 4090 4152 4176 4221 4218 4003
2578 3989 4169 4104 3988
2579 4154 2890 2889 2893 4201 4225
2580 2989 3462 4078
2581 4152 4116 4106 4169 4190 3970 4141 5120 5087
2582 4116
2583 3988 3987 3989 3982 3978 4090 4141 4154 4155 4211 3097 4105 4116 4114 4018 4160 3996 4021 4048
2584 3988 4090 4154 4225
2585 3988 3987 3954 4141
2586 2893 2890 2889 3281
2587 4104
2588 3988 4053
2589 4104
2590 4154 4138 4201 4225 5049 5055 5058 5067 5053
2591 4104
2592 2921 4151 4209
2593 4221
2594 4221 5071
2595 4104
2596 5067 5234
2597 4169
2598 4151 2921 3956 4209
2599 3988 4145 5050 5059
2600 4222
2601 4162 3988 3954 4068 4056 3987 4141 4142 4144 5049 5055
2602 4221
2603 4221
2604 4221
2605 4104
2606 4116 3988 4110
2607 4141
2608 4090 4162 4163 4116 4104
2609 3281
2610 4085 3988 4090
2611 4170
2612 4053
2613 4060
2614 3804
2615 3986 2831 4032
2616 4033 4143 4156 4157
2617 3781
2618 4373
2619 3946 3988 4070 3987
2620 4110
2621 4090 3988 4059 5041 5067
2622 3988
2623 4090 3987 4089 4116 3949 3988
2624 3988
2625 3505
2626 3794 3854 3826
2627 3807
2628 4060 4071 4191 4168 4170 3988
2629 3988 3987 4116 4104
2630 4382
2631 4399 4310 4575
2632 4332
2633 4402
2634 4751
2635 4288 4331 4304 4396 4399 4269 4271 4310
2636 4314 4275 4306 4308 4563 4841 4725 4301 4472 4686 4753 4773
2637 2832
2638 4342
2639 3653
2640 4468
2641 4336
2642 3894 3889
2643 4382
2644 3350 4601 4602
2645 4330 4353 4387 4386
2646 3800 3935 3741 3742 4496 3757 3773 3787 3784 3782 3725 3726 3723 3832 3851 3905 3904 3868 3866
2647 4378
2648 4364 4563 4275 4308 4652 4619 4686 4735 4734 4753 4773 4757 4756
2649 4382 2832 2646
2650 4403 4458 4459 4382
2651 4262 4228 4363
2652 4387 4404 4407 4308
2653 4380
2654 4360
2656 4325
2657 4362 4460 4462 2986 3944
2658 4314
2659 4364 4325 4330 4480 4378
2660 4386
2661 5499
2662 4364 4373 4374 4377 4378
2663 4414 4362 4388 4389
2664 4281 4282 4474 4660 4661 4738 4744 4619 4620 4665 4746
2666 4387
2667 4325
2668 4323 4324 4362 4460
2669 4325
2670 4552 4478 4480 4324 4305
2671 4365 4403 4458 4459 4462 4382
2672 3692
2673 4382
2674 3828 3701 3887 3688 3855 3743
2675 3693
2676 4365
2677 4328
2678 4462 4362 4460 4461
2679 4574
2680 3827 3926 3900 3692
2681 4398 4561
2682 3683 3907 3709 3703
2683 4411
2684 4331
2685 3745
2686 3900 3901 4531
2687 3705 3707 3706 3708 3696
2688 3827
2689 3684
2690 4304
2691 4228
2692 3811 3849 3900 3693 3828
2693 4324
2694 4746 4773 4775
2696 4308 4307 4564 4386 4314 4277 4405 4618 4687 4753 4757 4816
2697 4382
2698 4753 4684 5747
2699 4480
2700 4753 4757 4773
2701 4382 4404 4308 4364 4353 4564
2702 4480
2703 4480
2704 4324 4323
2705 5228 5345 5193 5202 5251 5325 5370 5342 5341 5252
2706 4308 4314
2707 3962
2708 4301
2709 4480 4414 4509 3134 4417 3061 4792
2710 4336 4343
2711 4363 4329 4325 4538 4280 4394 4651 4660 4661 4622 4623 4737 4740 4741
2713 4773 4775 4811 4803 3272 3273 4732 4670 4658 4659 4205 4316 4318 2963 2943 3010 3011 2850 2854
2714 4268 4329
2715 4325
2716 4323
2717 4301
2718 4301
2719 4480
2720 4403 4323
2721 4308 4383 4382 4386 4277 4816
2722 4314
2723 4306 4353 4276 4618 4803 4690 3086 2911 3356 4733 4643 4715 4658 4543 4434 3040
2724 4362
2725 3710
2726 3848
2727 4745 4747 4749 4700 4481 4472 4301
2728 4753
2729 4335
2730 4398
2731 1551 1162 1546 1337
2732 4309
2733 4415
2734 4555 4266 4228 4325 4330 4705 4748 4746
2735 3693
2736 3811 3900
2737 4589
2738 4396
2739 4564
2740 4308
2741 4457
2742 4261
2743 4265 4403
2744 4308 4325 4330 4414 4753 4822 4745 4746
2746 3812
2747 3097 4698 4365 4458
2748 4753
2749 4308 4563 4314 4686 4619 4734 4753 4773 4757 4769 4763 4803 4822 4836 4843 4749
2750 4308 4353 4563 4314
2751 3689 4348 4349 4350 4351 2832 2880 2881 2882 2883 2886 2887 2888 3990 3991 3992 3670 3672 4827 4828 4834 3668 3874 3875 4234 4691 4693 4695 3076 4010 4547 3095
2752 4308
2753 4228 4365 4312 4265
2754 4377
2755 4280 4338 4454 4359
2756 4382
2757 4304
2758 4081
2759 4387
2760 4301
2761 4414
2762 4589
2763 4382 4274 4314 4308
2764 2936 3944 4147 4082 4084 4077 2880 4855 3200 3201 3199 3198 2986 3958 4524 4525 4526 4204 4048 4049 3960 4083 4023 4020
2765 4382
2766 4633 4645 4862 4878
2767 4706 4705 4708 4840
2768 4382 4745
2769 4306 4308 4330 4564
2770 4227 4575
2771 4308 4275
2772 4574
2773 4357 4247
2774 4406 4308 4563
2775 3103 3225
2776 4575
2777 4325
2778 4251 4227 4285 4287 4331
2779 4397 4272 4400 4421
2781 4288 4334 4562 4396
2782 4612 4575 4272
2783 4752 4597 4594 5950
2784 4753
2785 4741
2786 4687 4757 4835 4724
2787 4660 4753 3099 3104 3113 3291 3219 4240
2788 4661 4651
2789 4294 4269
2790 4660
2791 4660
2792 4227 4292 4347 4575
2793 4396
2794 4574 3807 4304 4334
2795 4836
2796 2931 4013 3121 3094 4009 4543 2826 3717 3126 3889 3118 2832 4530 3894 3135 3242 2829 2872 4708 4862 4429 2868 4825 3993
2797 4574 4310 4423 4270
2798 4593
2799 4227 4295 4344 4570 4409
2800 4575
2801 4412 4411 4310 3825
2802 4668 4752
2803 4575
2805 4287 4557
2806 4575
2807 4404 4308 4375 4376 4381 4382 4472 4725
2808 4575
2809 4466 4569 4568 4297 4558 4553 4571 4413
2810 4254
2811 4575
2812 4399
2813 4372
2814 4574
2815 4566
2816 4227 4247
2818 4464
2819 4575
2820 4269
2821 4410
2822 4574 4575 4304
2823 4355 4565
2824 4553
2825 4357
2826 4565
2828 4319
2829 4310 4397 4272 4401
2830 4894 3139
2831 4309
2832 4567
2833 4308 4414 4314 4407
2834 4269
2835 4503 4504 4345 4344 4292 4295 4467 4569
2837 4466 4303
2838 4574 4411 4288
2839 4464 4560 4557 4247
2840 3762 3774
2841 4289
2842 4708
2843 3869
2844 4484 4553
2845 4708
2847 4362
2848 3766
2853 3574 3575 3516 3517 3551 3554 3577 3537 3525 3736 3826 3815 3897 4594
2855 4228 4306 4363 4836 4660 4741 4845
2856 4404 4407 4364 4330 4390 4314 4745 4750 4481
2857 4593 4590
2858 4597
2859 4598
2860 4590 4594
2861 4599
2862 4460 4462 4403 4461 4362 3281 2889 5141
2863 4598
2864 4598 4593
2865 4591 4597 4589 5747
2866 4403
2867 4599
2868 4591
2869 4593
2870 4591
2871 4597
2872 4599
2873 4598
2874 4596
2875 4290
2876 4599
2877 4590
2878 4591
2879 4593
2880 4593
2881 4596 4599
2882 4592
2883 4597
2884 4599
2885 4599
2886 4566
2887 4599
2888 4599
2889 4589
2890 4589 4597 4599 4590
2891 4589
2892 4594 4591
2893 4362 4478 4459
2894 4599
2895 4589
2896 4360 4267 4228 4326 4327 4746 4474
2897 4598 4599
2898 4562
2899 4599
2900 4714
2901 4593 4595
2902 4599
2903 4594
2904 4593
2905 4593
2906 4599
2907 3559 3587 3573 3536
2908 4593 4595
2909 4325 4353
2910 4707
2911 4598
2912 4599
2913 4598 4593
2914 3108 3109
2915 3113 2842 2858 3288 3365 3074 3100 3104
2916 3108
2917 3072
2918 2842 2843 3123 3288 3103
2919 3214 2933
2920 4824 2882 3385 3119
2921 4590 4591
2922 3100
2923 4589
2924 4596
2925 4730
2926 4598
2927 4824 2843
2928 2914
2929 4648 4809
2930 2960 3103 3113 2829 3255 3118 4658
2931 4591
2932 4598
2933 4596
2934 4824
2935 4597
2936 4314 4308 4753 4822
2937 4594
2938 4593 4599
2939 3103 3113
2940 4599
2941 3136
2942 4597
2943 4593
2944 4599
2945 4591
2946 4599
2947 4599
2948 4597
2949 4598 4446 4611 3088 3350 3384 3902 4853 4971 4875
2950 4593
2951 4711
2952 4832
2953 3100
2954 4593 4599
2955 4589
2956 4599
2957 4228 4406 4383 4390 4313
2958 4653
2959 4654 4611 4728 4520
2960 4589
2961 4712
2962 4598
2963 4745
2964 4746
2965 4751 4301 4724 4841 4687 4682 4803
2966 4753 4687 4757 4821 4822
2967 4753
2968 4812
2969 4734
2970 4665 4750 4746 4753
2971 4836 4769
2972 4835 5185 5354
2973 4753
2974 4843 4660 4749
2975 3214 4643 4518 4147
2976 4734 4668 4783 4758 4759 4809
2977 4753
2978 4734 4803 4685 4750 4481 4301 4753
2979 4666
2980 4753
2981 4590
2982 4549 4550
2983 4668
2984 4700 4841 4782
2985 4593
2986 4437 2932 3919 4542
2987 4835
2988 4845
2989 4742
2991 4593
2992 4841 4665 4746 4259 4299 4301
2993 4753
2994 4748
2995 4665 4660 4835
2996 4753 4822 4773 4856
2997 4836 4753 4759 4301
2998 4753
3000 4592 4593
3001 4618 4734 4753 4773 4680 4685 4750 4481
3002 4665
3003 4599
3004 4658 3671
3005 4698
3006 4287 3387 4688 4752
3007 4589
3008 4812
3009 4855
3010 4589 4590 4591 4592 4593 4594 4595 4596
3011 4593 4599
3012 4835 4753 4822 4836
3013 4811
3014 4594
3015 4769
3016 4301
3017 4753
3018 4660 4759 4414
3020 4773
3021 4835
3022 6108
3023 4745
3024 4841 4301 4686 4753 4683 4822
3025 4773 4753 4836 4757 4822 4686
3026 4652 4686 4753
3028 4660 4751 4724
3029 4002
3031 4689
3032 4684 4786 4822
3033 4751
3034 4835
3035 4757 4753
3036 4725 4696 4750
3037 4698
3038 4687 4753 4682 4822 4751 4301
3039 4841 4746
3040 4836
3043 4650 4777 4844
3044 4841
3045 5950 5985 5986 5772
3046 4835
3047 4745 4747 4748
3048 3264 3067 3068 3047 2838
3049 4746 4841
3050 4593
3051 4812 4809 4795
3052 4599
3053 821
3054 4481 4660 4725 4746 4747 4753 4835
3055 3878
3056 4660 4753 4769 4813
3057 4753 4773 4683
3058 4593
3059 4593
3060 4665 4746 4725 4660
3061 821
3062 4598
3063 4746 4769 4771
3064 4598
3065 4753
3066 4647 4812
3067 3102
3068 4795
3069 4821 4803 4678 4773 4751 4472 4301 4724
3071 4598
3072 3648 3660 3653 3657 3659 4814
3073 4660 4734 4753 4757 4682 4816 4803 4822 4751 4481 4724
3074 3889 4514 4835 3140 3141 4433 3072 4843 4845 4424 4619 4425 4621 3113 4749
3075 4660
3076 2183
3077 2219 1931 2075
3078 4753 4762 4843 4845 4618 4757 4681 4683
3079 4382 4505 4262 4265 4228 4305
3080 2986 3204 4348 4076 2832 2882
3081 4886
3082 2832 2911 4673 4715 4543 4436 3041 3994
3083 3118
3084 4114 4090 3988 2989
3085 2832
3086 4396 2832
3087 4277
3088 4604
3089 4850 4888 4429 4471 3118
3090 3097
3091 3956 4140 5059 5050
3092 3889 4656 4429 4882 4883 4884 4431 3663 3293 2849 3058 2942 3076 4433 4889 3401
3093 4660
3094 4921
3095 4902 4898 4932
3097 3591 3539 3589
3098 4943
3099 4852
3100 4943
3101 4908 4909 4943 4700 4841
3102 4901 4902 4903
3103 2970 4599 4897 4922
3104 4903
3105 4589 4594
3106 4963 4919 4912
3107 4935 4933 4911 4929 4920 4965 4966 4945
3108 4900
3109 4442
3110 4900
3111 4898 4899 4949 4968
3112 4943 4902 4909
3113 5972 5824 5874
3114 4965
3115 2986 3195
3116 2832
3117 4639 3721
3118 4417
3119 3128 3126 4739 4634 2832
3120 2887 4732 4630 4721 4637
3121 2986 3393 2933 4840 4205 3118 2832 2988
3122 2832 2854
3123 2986 3214 3217 4840 2832 4643 4518 4046 3043 3041 3993 4242 4243 4644 3126 4830 4868
3124 5695
3125 2832 2931 2868 3118 3671 3011 4025 4717
3126 3862
3127 3858 3266 2880 2881 2886
3128 4710 3120
3129 3860
3130 4151
3131 3083 4076 3076 147 4655 3152 389 4548
3132 2834 2831 3267 2830 3251 2923 4731 4624 4837 2903 4972 4974 4975 4978
3133 4025
3134 4864 3385 3780 3123 4658 3009
3136 2886
3137 4245
3138 2986
3139 3121 3119
3140 3118 2832 2931 2868 3994 3717
3141 2832 2854 2888 4242
3142 4840 3152 2832 3272 4732 4733 4670 4721 4723 4833 3151 3118 3123 3875
3143 4662 4719 3697
3144 3214
3145 2832
3146 3860
3147 3402 2832 2911 2887 2888 4673 4721 4722 4715
3148 4522 4528 4614 4653 4646 4728 4765 4608 4862 4880 4895 4432 4433 4429 4444 4512 4439 4440 4523 4529 4546 4615 4854 4638 4636 4637 3995 3993
3149 3860
3150 3083
3151 2832
3152 3093
3153 4797 4817
3154 2934 2832 3213 3214 3217
3156 3994 2833 4544
3157 3909
3158 3126
3159 2832 2826 2931 2868 4990 4982 4992 4532 4851 4850
3160 4833 4834 3392 2940 3095 4435 3274
3161 3698 4715
3162 3214
3163 2904 3157 3092 3231 3084 4348 3085 2831 4617 4834 3921 4536 2853
3164 5757 5812
3165 2832
3166 4839
3167 3158 3266 4019 3042 3862 3963 4437 2825 2932 3991 3672 4542
3168 4597
3169 4967 4969
3170 4591
3171 1344
3172 4592 4597
3173 4591
3174 5478 5511 5509 5497 5542 5452
3175 4593
3176 4599
3177 4590
3178 4591 4594 4976
3179 4589
3180 4597
3181 4433
3182 4591
3183 4593
3184 4591
3185 3416
3186 4593
3187 4773 3011 4834 4749 4481
3188 3118 3123
3189 3117
3190 2833 5575
3191 4589 4596
3192 4593
3193 4596
3194 4596
3195 4589
3196 4593
3197 4590
3198 4589
3199 4598
3200 4593
3201 4599 4589
3202 4599
3203 4598
3204 4593
3205 5088
3206 4590
3207 4593
3208 4597
3209 4591
3210 4593 4598 4597 4589
3211 5049 5067 5070 5091 5117 5114 5087 5143
3212 4590
3213 4596
3214 4595
3215 5068
3216 4593
3217 4593 4598 4595
3218 4599
3219 4593
3220 5067 5126
3221 5049
3222 5115
3223 5055 5049 5067
3224 5041 5067
3225 5050 5069 5117 5088
3226 5067
3227 5041
3228 5067 5053
3229 5069 5071 5050 5067
3230 5179
3231 5067 5041 5094 5125
3232 5050 5071 5072 5069 5070 5041 5107
3233 5067
3234 5067
3235 5049 5067 5053 5116
3236 5068
3237 5080
3238 5163 5055
3239 5067
3240 5067
3241 5049 5055 5085 5087 5135
3242 5067
3243 5049 5117 5072 5071 5091 5092 5118 5095 5126 5055 5067 5116 5070 5069 5107 4832 5087 5205 5238 5088 5078 5119 5120 5121
3244 5059 5068 5101 5165
3245 5067
3246 5067
3247 5126 5055 5041 5049
3248 5087 5055 5170 5067
3249 5045 5059 5101 5068
3250 5049 5055
3251 5067
3252 5126
3253 5041 5067
3254 5049 5055
3255 5126
3256 5067 5049
3257 5050
3258 5067
3259 5041 5067 5055 5049
3260 5071 5126 5055 5117
3261 5055 5049 5067 5070
3262 5067 5055 5049 5093
3263 5067 5055 5049 5071 5072 5047 5125 5126 5135 5069 5117 5092
3264 5059 5050 5068
3265 5055 5049
3266 5067 5058 5049
3267 5126
3268 5049
3269 5055 5049
3270 5067
3271 5126 5067
3272 5067 5126
3273 5067 5041 5049
3274 5071
3275 5048 5067 5170 5049
3276 5067
3277 5050 5067 5236 5055
3278 5049 5067
3279 5068 5059 5050 5138
3280 5049 5055
3281 5126
3282 5067
3283 5072
3284 5068
3285 5055 5126 5067 5170 5233 5235
3286 5071 5049 5055 5078 5091 5117 5069
3287 5055
3288 5090 5086
3289 5055
3290 5049 5055
3291 5049 5070 5067 5114
3292 5126 5055
3293 5050 5071 5069 5087
3294 5092 5094
3295 5068 5059 5050
3296 5068
3297 5068
3298 5067
3299 5067
3300 5055 5067
3301 5049 5080 5107
3302 5041
3303 5067
3305 5135 5134
3306 5114
3308 5067
3309 5055
3310 5087 5135 5170 5233 5238 5085 5090 5126 5067 5049 5055 5058
3311 5059
3312 5072 5070
3313 5172
3314 5059 5068 5101 5172
3315 5055 5049 5067 5126
3316 5050 5069
3317 5067
3318 5058 5050 5076
3319 5126 5067
3320 5071
3321 5049 5055 5067 5054 5135
3322 5091 5067 5235
3323 5067 5055 5049
3324 5055 5067
3325 5067
3326 5067 5049
3327 5049 5171 5058
3328 5067
3329 5138 5050 5072 5054
3330 5067 5055 5126 5164 5170 5087
3331 5067
3332 5059 5068
3333 5055
3334 5055 5049
3335 5059 5050 5165
3336 5068 5059
3337 5126 5055 5049 5067
3338 5055 5067
3339 5050 5126 5115 5070
3340 5055 5067 5091 5164
3341 5049
3342 5049
3343 5068 5136 5126
3344 5050 5054
3345 5055 5080 5126 5079 5142 5143 5091
3346 5067 5126 5041
3347 5041
3348 5067
3349 5055 5085
3350 5126 5135 5087
3351 5101 5068 5059 5237
3352 5071 5050 5087
3353 5126
3354 5068 5059 5050
3355 5041
3356 5117 5055 5071 5069 5129 5087
3357 5067 5164
3358 5067
3359 5091
3360 5067
3361 5071
3362 5067 5055 5049
3363 5049 5067
3364 5049 5067
3365 5059 5050 5045 5101 5138 5172 5165 5068 3956 4086
3366 5067
3367 5067
3368 5126
3369 5091 5126 4150
3370 5068
3371 5067 5049 5055 5041
3372 5050
3373 5067
3374 5049
3375 5067 5126 5055 5049
3376 5067
3377 5067
3378 5049 5055 5067 5071 5069 5117
3379 5045
3380 5076
3381 4614 4728 4584
3382 3944 4027
3383 5049 5067 5091 5126 5163 5055 5070 5170
3384 5055 5067 5049 5164
3385 5050
3386 5085 5125 5106 5126
3387 5067
3388 5125
3389 5050
3390 5055 5131 5050
3391 5059 5068 5050 5138
3392 5067
3393 5078
3394 5055 5049 5067 5072
3395 5091 4207
3396 5055 5049 5067 5126
3397 5072 5178
3398 4591
3399 5138 5101 5068
3400 5067
3401 5059 5172
3402 5050
3403 5067 5041
3404 5050 5068
3405 5041
3406 5067
3407 5067
3408 5050 5071
3409 5055
3410 5126
3411 5101
3412 5055
3413 5067 5135 5049
3414 5050
3415 5067 5055 5041 5126
3416 5049 5067 5041 5126 5055 5085 5090 5106 5069
3417 5126 5117
3418 4982 4991
3419 5091 5049
3420 5055 5050 5067 5094
3421 5067 5126 5085
3422 5091 5055
3423 5059 5050 5068 5101
3424 5068
3425 5067
3426 5055 5049 5126 5170 5086 5072 5071
3427 5067
3429 5067 5055
3430 5101
3431 5050
3432 5055 5049 5067 5071 5069 5091
3433 5125 5067 5041 5055 5049 5087
3434 5050
3435 5101 5059 5045 5068
3436 5138 5068 5059
3437 5059 5050 5068 5041
3438 5050 5115
3439 5115
3440 5058
3441 5069 5071 5088
3442 5067
3443 4200
3444 5050 5070
3445 5067
3446 5068 5059
3447 4593
3448 5135
3449 5050 5068 5179
3450 5067 5087 5085 5126
3451 5050 5087 5088 5114
3452 5041
3453 5067
3454 5050
3455 5067
3456 5067
3457 5126
3458 5055
3459 5067
3460 5055 5067 5126
3461 5050
3462 4594
3463 5059 5068 5050 5101 5237
3464 5126 5101 5091 5136
3465 5068 5050 5138 5088
3466 5067
3467 5067
3468 5067 5055 5049 5126
3469 5067 5055 5049 5041 5092 5125 5126
3470 5067
3471 5055
3472 5050
3473 5067 5055 5126 5049 5071 5135
3474 5068
3475 5112
3476 5055 5049 5067
3477 5101 5068 5059
3478 5071
3479 5163
3480 4594
3481 5067 5049 5126 5055
3482 5050
3483 5049
3484 5237 5239 5241 5045 5213 5172 5059 5101 5205 5138
3485 5076
3486 5117 5087
3487 5049 5067 5071 5072 5069 5128 5129 5087 5126 5091
3488 5050 5072 5070
3489 5049 5067 5087
3490 5055 5050 5098 5072 5070 5054 5138
3491 5067 5170 5126 5055 5049 5091 5125
3492 5101 5059 5165 5068 5045
3493 5170 5135 5087 5117 5055 5091 5090
3494 5290 5301 5227 5191 5230 5370 5176 5255 5325 5187 5190 5315
3495 5055
3496 2832
3497 5190 5187 5282 5228 5314 5192 5304 5227
3498 5278 5280 5279 5214 5212 5191 5254 5255 5292 5182 5227 5301 5337 5345 5229 5347 5351 5339 5251 5325 5206 5207 5208 5309 5183 5361 5202 5363
3499 5050
3500 5311 5319 5295
3501 5228 5251 5347 5186 5214 5192 5372 5193
3502 5265 5266 5326 5339
3503 5184 5188 5349 5229
3504 5087
3505 5351 5342 5190
3506 5308 5264 5284 5300 5345 5341 5230 5182
3507 5041
3508 4905
3509 5262 5303 5250 5185 5266 5314 5331 5363 5339 5371 5370 5325
3510 4593
3511 5071 5069 5088 5117
3512 5364 5252 5339 5348 5366 5367 5321 5251
3513 5059 5068 5138
3514 4593
3515 5087
3516 5356 5362 5342 5321
3517 5318 5317 5344 5341 5266
3518 5315 5228 5187 5190
3519 5315 5316 5319
3520 5308 5176 5182 5192 5228 5227 5289 5325 5333 5341 5377
3521 4593
3522 5306 5298 5276 5256 5281 5320 5302 5304 5331 5354 5363 5361 5371
3523 5319
3524 5242
3525 5266 5290 5325 5339 5297 5336 5361 5370 5185
3526 5282 5304 5188 5363 5192
3527 5318 5315 5314 5298 5292 5259 5255 5254 5242 5227 5192 5191 5363 5361 5211 5209 5206 5330 5305 5304 5301 5190 5189 5188 5187 5339
3528 5306 5276 5266 5267 5281 5320 5298 5302 5305 5326 5371
3529 5282 5321 5362 5339
3530 5338 5339 5370 5325 5354 5315
3531 5350
3532 5307 5374 5266 5265
3533 5255 5259 5339 5372 5310
3534 5050
3535 3208
3536 2662 4906 4673 4792
3537 5230
3538 3604
3539 5059 5050
3540 5067
3541 5820
3542 4205
3543 5067
3544 5068 5059
3545 5068
3546 5049 5067 5071 5069 5117 5126 5120 5170
3547 5310 5272 5282
3548 5067 5126
3549 5087
3550 5345
3551 5055
3552 5363 5254 5292 5339 5187 5190 5282 5314 5315 5301
3553 5050
3554 5268 5300 5308
3555 5329
3556 3915 5324 5243 5358
3558 5288 5301 5263 5277
3559 5310
3560 4917
3561 5212
3562 5067
3563 3207 3203
3564 5050 5070 5118 5088 5072 4024 3966 4008
3565 5120 5086 5087
3566 5067 5126
3567 5049 5055 5126 5067
3568 3118 3123
3569 5058 5171 5049 5116
3570 5050
3571 2293 2298 2296 2295 2294 2297 885 3582 3813 3814 3815 3816
3572 5067 5126
3573 5170
3575 5067 5126
3576 5055 5049
3577 5306
3578 5050
3579 5055 5163 5087 5126
3580 3212 3215 3216 3217 4417 4318 4009 3011
3581 5126
3582 5126
3583 5068 5045 5172 5165
3584 5050 5117 5088
3585 5050
3586 5014 5012 4999 5089
3587 5067
3588 5067 5055 5049
3589 5126 5055 5085 5087 5091
3590 5352 5184 5310 5325
3591 5055 5049 5067 5071 5072 5069 5070 5091 5117 5085 5090 5170 5087 4158 5135 5467 5468
3592 5055 5071 5129
3593 5049
3594 5282 5304 5314 5363
3595 5168 5020 4528 4612 4607 4879 4895 4470
3596 5055 5067 5094 5126 5163 5164 5041
3597 5053 5091 5107
3598 5050
3599 5059 5050 5068 5045
3600 5257 5266 5191 5182
3601 5059 5068 5101 5050
3602 5187 5255 5254 5301 5304 5325 5336 5354 5363 5282 5339 5361 5370 5190
3603 5030 5035 5064 5060 5051 4533 5013 5378 4764 3888 4988 5563 5548
3604 5251 5229 5356 5362 5321
3605 5377 5372 5345 5310 5311
3606 5041
3607 3214
3608 5050
3609 4597
3610 4594
3611 5172 5068 5059 5050 5239
3612 5068
3613 5068 5172 5138
3614 4593
3615 5071
3616 5126
3617 5050 5088 5071
3618 5059 5050 5138
3619 5125
3620 4986
3621 5071 5117 5069
3622 5041 5125 5162
3623 5242 5363 5211 5228
3624 5306 5267 5281 5276 5320
3625 5055
3626 5068
3627 5049 5067
3628 5309 5187 5278 5300 5304
3629 5088
3630 5067
3631 5126 5067
3632 5055 5049 5067 5041
3633 5117
3634 4599
3635 5128
3636 5088 5087 5050
3637 5036
3638 5055 5067 5094 5091
3639 5068
3640 5049
3641 5067 5055 5049
3642 5085 5090 5086 5087
3643 5070 5053 5094
3644 5094
3645 5068
3646 3769 3815 3516 3522 3551
3647 5050 5068 5101
3648 5163 5055 5067 5049
3650 5050 5072 5118
3651 5071 5087
3652 5050
3653 5067
3654 5118 5117 5050
3655 5070 5118 5072
3656 5059 5068 5050 5096 5097
3657 5050
3658 5050
3659 4594
3660 4597
3661 5067
3662 5067
3663 5067 5091 5094
3664 5163
3665 4597
3666 5067 5126 5055
3667 5068
3668 5055
3669 5055 5067
3670 5067 5118 5126
3671 5049 5067
3672 5251 5230 5282 5325 5258 5266 5302 5331 5339
3673 5077 5093
3674 5048 5055
3675 5087
3676 5055 5049
3677 5055 5049 5067
3678 5068
3679 3781
3680 5126
3681 4593
3682 5126 5129 5087
3683 5068
3684 5126 5055
3685 5088 5138
3686 5000
3687 4593
3688 5616
3689 5120 5170
3690 5067
3691 5067 5055 5070
3692 5069
3693 5124 3957 5049 5067
3694 5306 5190 5276 5339 5345 5298 5267 5320
3695 5164 5049
3696 5067
3697 5125
3698 5136 5091
3699 5126
3700 4589
3701 5055 5049 5050 5067 5041 5126
3702 5067
3703 5101
3704 5037 5040 5730 5464
3705 5221
3706 5049 5067
3708 5058
3709 5055 5049 5071 5086 5120 5170 5085
3710 5117 5055 5086
3711 5076
3712 5055 5067 5126
3713 5135
3714 5126 5067
3715 5067
3716 5055
3717 5067
3718 5049
3719 5050
3720 5049 5067
3721 5049
3722 5090 5091
3723 5050 5059 5068 5101
3724 5140 5070
3725 5088
3726 5050 5041
3727 5055 5067 5109
3728 5068
3729 5067 5049
3730 5050 5071 5069
3731 5049 5067 5171
3732 5059 5050 5068 5101
3733 5067
3734 5072
3735 5470
3736 4589
3737 5058 5062 5127 5139 5040 5173 3889 4746 4841 5215 5216 3118
3738 5091
3739 5050
3740 5101
3741 5165 5059 5050 5068
3742 5068 5059
3743 5091
3744 5050 5054
3745 5067 5126
3746 5055 5067 5087
3747 5101
3748 5067 5087
3749 5087
3750 5059
3751 5067
3752 4593
3753 5049
3754 5055
3755 5067
3756 5067
3757 5055
3758 5049 5067 5126
3759 5068 5059 5101
3760 5138 5088 5050
3761 5126 5067 5094
3762 5067 5171
3763 5059 5068 5165 5241
3764 5126 5067 5104
3765 5092 5055 5067 5126
3766 5050 5069 5117
3767 5059 5050 5068 5101
3768 5055
3769 5166
3770 5230 5282 5304 5336 5363 5370 5371 5193 5339 5255 5266 5343
3771 5049
3772 5087 5072
3773 5068
3774 5068
3775 5112 5067 5091
3776 5276 5306 5281 5320
3777 5230 5192 5229
3778 4599 4596
3779 5087
3780 3218
3781 5055 5067
3782 5058 5063 5157 5160
3784 4590 4594 4592
3785 5201 5157 5040 5039
3786 5049
3787 5085 5113 5055
3788 4593
3789 4589 4591
3790 4589
3791 4599
3792 2986 3210
3793 4593
3794 5218
3795 4589
3796 5050
3797 5068
3798 5091 5055
3799 5186 5255 5259 5269 5290 5337 5372
3800 5091
3801 5325 5282 5326 5190
3802 5061 5091
3803 4593
3804 4589 4590
3805 4594
3806 4590
3807 5059 5068 5045 5237 5239 5240 5241 5164
3808 4596
3810 4597
3811 4593
3812 4596
3813 4593
3814 4593
3815 5354 5282 5325 5339 5211 5254 5292 5273 5275 5304 5305
3816 4594
3817 4590
3818 4593
3819 4593
3820 3218 3570
3821 4599
3822 5040
3823 4596
3824 5754
3825 4597
3826 4589
3827 5129
3828 4598
3829 4599
3830 4597
3831 558 4997
3832 4590 4650 4669 4804
3833 4593
3834 4592
3835 4589
3836 5354
3837 4768 5307
3838 5337
3839 5325 5282 5339 5298 5183 5370 5292 5361
3840 4596
3841 5324
3842 4596 4590 4589
3843 4979 4991 5167 4433 5187 5339 5340 5341 5206 5209 5211 5230 5308 5307 5277 5260 5263 5264 5265 5282 5283 5284 5228 5287 5288 5334 5335 5330
3844 5322 5328 5229 5357 5282
3845 4591
3846 4590
3847 4597
3848 4599
3849 4593
3850 4599
3851 5306 5267 5281
3852 5230 5307 5284 5345 5377
3853 4596
3854 4591
3855 4596 4589 4590
3856 4589
3857 5055 5049 5067
3858 4597
3859 4591
3860 4591
3861 4589 4593 4594
3862 5325 5343
3863 4590 4596 4597 4592 4589 4595 3689 4999 5011 5196 5083 5084 5010 5031 5015 5016 5017 5018 5019 5081 5082
3864 4589
3865 4599
3866 4597
3867 6014
3868 4594
3869 4594
3870 5050
3871 4593
3872 4597 5502
3873 5050
3874 5190
3875 5067
3876 4594
3877 5325 5251 5185 5187 5190 5206 5211 5298 5254 5257 5266 5282 5314 5301 5302 5304 5331 5354 5361 5363
3878 5324
3879 5230 5267 5281 5306 5276 5298 5256
3880 4590
3881 5339 5254 5255 5227 5315 5344 5187
3882 4592 4590 4589 4998 5005
3883 4596
3884 5370 5325 5304 5371 5302 5331
3885 5023 5021 5022 5029
3886 4594
3887 4596
3888 4589
3889 5050 5071 5069 5087
3890 5067
3891 4596
3892 4589
3893 4589 5218 5231 5159 4961 4626 2922
3894 4593
3895 4590
3896 4597 4594 4592 4591
3897 4594 4590
3898 4599
3899 4599
3900 4594
3901 5046
3902 4593
3903 5085 5092 5170
3904 4597 4594 4591 5820
3905 5165
3906 4597
3907 5059 5050 5068
3908 4592 4597
3909 5230 5306 5310 5214 5276 5265 5266 5267 5268 5281 5321
3910 5323
3911 4590
3912 4593
3913 5087 5170 5049 5055 5067 5072 5069 5117
3914 4599
3915 4598
3916 4593
3917 4593
3918 4591 4599 4594 4598
3919 5192
3920 5266 5267 5307 5277 5283 5282 5332 5287 5288 5304 5363 5369 5370 5260 5292 5312
3921 5242
3922 4594
3923 5310 5271 5273 5327 5342 5290 5212
3924 4597
3925 5251
3927 5370 5325
3928 5327 5325 5185 5187 5190 5266 5265 5282 5314 5315 5304 5302 5301 5330 5331
3929 4589 4590 4591 6010
3930 4589
3931 4877 4876 3762
3932 5068
3933 4594
3934 4599
3935 4599
3936 4599
3937 822
3938 4597
3939 4971
3940 5067 5170
3941 5239
3942 5239
3943 5067
3944 5055
3945 5055 5071
3946 4590 4592
3947 4589
3948 5589
3949 5065
3950 5067
3951 4591
3952 5436 5424 5422
3953 5552
3954 4598
3955 5551
3956 5435
3957 4599
3958 5418 5422
3959 5126
3960 5067
3961 5550 5436
3962 5550
3963 4593
3964 4646
3965 4593
3966 5568
3967 5569
3968 5571 5565
3969 5565
3970 5566
3971 5239
3972 5423 5422 5421 5449 5457 5441 5440 5439 5442 5438
3973 5549 5399 5607
3974 5459
3975 4599
3976 4589 4590
3977 5068
3978 5628
3979 5541
3980 5443 5436
3981 5422 5441 5436
3982 4599
3983 5136
3984 5561 5592
3985 5487 5489 5480 5580
3986 5636
3987 5563
3988 5473
3989 5438
3990 5422 5438
3991 4596 4597 4593 4595 4598 4599 4594 4592
3992 5473
3993 3196 3217
3994 5544
3995 5544 5477 5456 5483 5385 5388
3996 5606
3997 5607
3998 5535 4514 3116 4694
3999 5473
4000 5447 5445 5506
4001 4881
4002 5473
4003 5550 6058 5970 5979 5892 5796 5772
4004 5384 5484 5464 4589 4590 5465 5481 5480 5479
4005 5593 5540 5596 5597
4006 5470
4007 5470
4008 5588
4009 5505
4010 5759
4011 5546 5422 5441
4012 5632
4013 5611 5615
4014 4589 4590 4592
4015 5560 5540 5473 5598
4016 5510 5498 5619
4017 5402
4018 5387 5394 5606 5608
4019 5634 5664 5587
4020 5550
4021 4593
4022 3988 3952 3954
4023 5628
4024 5553
4025 5400
4026 5422
4027 5165 5059 5068
4028 4598
4029 5401
4030 5391 5393 5415 5399 5544
4031 5604 5609 5610
4032 4589
4033 5546
4034 4598
4035 5425 5598 5441
4036 5477 5456 5483 5544 5618 5408 2826
4037 5682
4038 5610
4039 5670 5672
4040 5623 5606
4041 5518 5479
4042 5684
4043 5477 5454 5456 5483 5544 5532 5618 5399
4044 5483
4045 5618
4046 5386 5391
4047 4080 4079
4048 5623 5473 5540 5624 5628 5604 5605
4049 5650
4050 5548 5653 5477
4051 5683
4052 5622 5653
4053 5477 5456
4054 5494
4055 5389 5530
4056 5684
4057 5685
4058 5476 5478 5495 5493
4059 5477 5456
4060 5618
4061 5618
4062 5492
4063 5411
4064 5477 5530 5618
4065 5412 5398 5415 6027
4066 5493 5478 5543 5651
4067 5554 5555
4068 5680
4069 5406
4070 4596
4071 5164
4072 5561 5540 5680
4073 5475 5541 5625 5624 5628 5654 5455 5405 5406 5665
4074 5389
4075 5448 5434
4076 5544
4077 5477 5453 5456 5483 5544 5621
4078 4593
4079 5618 5608 5531 5544 5738 5744 5399 5398 5747 5883 6004
4080 4599
4081 5491 5496 5512
4082 5164
4083 5514
4084 5045 5213 5172 5059
4085 5456 5685
4086 5385 5407 5386 5388 5390 5477 5530
4087 5628
4088 5789 5790 5794 5774 5928 5929 5955 5972 5976 5977 5978 5847 5941 5963 5868 5748 5746 5747 5814 5472 5473 5481 5538 5539 5540 5518 5559 5561 5562 5564 5581 5598 5592 5593 5692 5711 5713 5714 5715 5894 5895 5896 5821 5889 5890 5891 5827
4089 5495 5491 5462 5452 5511
4090 5471
4091 5404
4092 5485
4093 5644
4094 4590
4095 5473
4096 5744
4097 5473 5561 5639 5404 5475 5654 5625 5681
4098 4589 4599
4099 5438 5435 5437 5439 5440 5441 5430 5451 5546 5545 5456 5604
4100 5685 5684
4101 5530 5691
4102 5407
4103 5637
4104 5477
4105 5438 5440
4106 2832 2854
4107 5730 5759
4108 5737 5540 5711
4109 5403 5540
4110 4593
4111 4597 4599 5971 5974
4112 5398 5399 5394 5395 5396 5392 5409 5548 5389 5408 5556 5393
4113 5735 5498 5463 5508 5653 5690
4114 5678
4115 5639
4116 5722
4117 5516
4118 5725 5746 5747 5728 5732 5752 5775 5911 5811 5772
4119 5761
4120 3489
4121 5414
4122 5921
4123 5059
4124 6006 5881 5737
4125 1154 5834 5794 5810
4126 5820
4127 5848
4128 5821 5796 5810 5811 5772 5891 5828 5827 5784 5867
4129 5822
4130 5788 5920 5919 5942
4131 5461 5475 5455 5667
4132 5870
4133 5772
4135 5794
4136 5767 5381 5382
4137 5992 5794 5821 6001
4139 5796 5772 5780
4140 5955
4141 5819 5937 5974 5488 5748 5728 5729
4143 5410
4144 5891 5811 5931 5796
4145 5745
4146 5870
4147 5486 5487 5484
4148 5746 5747 5759 5883 5884 5735 5473 5896 5477 5572 5758 5764
4149 5477
4150 5710
4151 5767
4152 5737
4153 5950
4154 5969 6013
4155 5821
4156 5783
4157 5824 5983
4158 5783 5786 5784 6023
4159 5821 5796 5892 5794 5784 5856 5965 5983 5979
4161 5796
4162 5972 5794 5783 5821 6045 5831
4163 5972 5977
4164 6015 6013 5999 5815 5862 5820
4165 5760
4166 1556 5847 5962 5955
4168 5854 5929 5931 5934
4169 5783 5955 5774 5778 5901 5964
4170 5950
4171 5949 5990
4172 5793
4173 5821 5794 5828 5830 5956 5977
4174 5932 5951 5921
4175 5840 5819
4176 5821 5773 5997 5950 5986 5987 5992
4177 5821 6076 5796
4178 5783 5955 5810 5983 5857 5859 5976 5979
4179 5892
4180 5883
4181 5673
4182 6028 5920 6000 5815
4183 5783
4184 5950
4185 5950
4186 6106
4187 5891 6116 6118
4188 5815
4189 5822
4190 5950
4191 5822
4192 6001
4193 5950 5991
4194 5950
4195 5786 5973
4196 5821
4197 5834
4198 5856
4199 6001
4200 5856 5970
4201 6122
4202 5864
4203 6025 6026
4204 5839 5840 5850 5851 6069 6000 5887 5795 5794
4205 6001
4206 6108 5994 6048 6072 6118 5821 6031 6076 5810
4207 5821 5891 6108 5772 6044 6047 6076 5811
4208 5856
4209 5865
4210 6104
4211 5783
4212 6000 6001 6002 5999 6010 6011 6012 6014 5815 5840 5819 6069 6029 6084 5803 6076 6077 5824 6108 5809 5768 5771 5772 6112 5886 5887 5888 5795 5872 5873
4213 6000
4214 5856
4215 5815
4216 5932 5823 5951 5922
4217 6002
4218 5950 5992
4219 6000
4220 5997 6001 5950
4221 5772 6076
4222 5821
4223 5952
4224 5772 5786
4225 5999 5815 5788 6039 6013
4226 5828
4227 5997
4228 6000
4229 6001
4230 5821 5997 5949 5947 6001 5986 5992 5972 5998 5623 5786
4231 6000 5999
4232 6001
4233 6076
4234 5820
4235 5821 5796 5931 6114 6001 5970 6100
4236 6076
4237 5853
4238 5821 5890
4239 5785 5946
4240 5823
4241 5802 6001 5797
4242 5877
4243 6001 5968 6024
4244 5811 6060 6041
4245 6002 5839 5840
4246 5950
4247 6000
4248 5950 5770 5975
4249 6069 6025 6076 6108 5790 5794 5827 5784 5931 5966 5970 5967 5983 5992 6059 6060
4250 5934
4251 6091 5867 6080 6047
4252 6069 6000
4253 5852
4254 6102 6037 6038 6103 6036 6092
4255 5783 5786 5789 5790 5955 6069 6081 5823 5956 5768 6096 6097 6098
4256 6076 5810 5892 5890 5794 5793 5837 5856 5867 5931 5965 5966 5970 5983 5979 5977
4257 5856
4258 5932
4259 5999
4260 4152 4159 4104 4117 4183
4261 6081 5823 5926 5886 5804 5864 5798 5800 6019
4262 5999 6067 5950
4263 5856 6058 5892 5970
4264 6069 5840 5956 5954
4265 5997 5927 5948 6048
4266 5821
4267 5821 5772 5793 5784
4268 6080
4269 5975
4270 5821
4271 6000
4272 5864 5930 5723 5755
4273 5999
4274 5992
4275 5973
4276 6025 6000 6069
4277 5856 5821 6106 5773 5772 5892 5970 5979 6020 6043 6052 6058 6068 6090 6099 6119 5884 6003 5378 5633
4278 5956
4279 5786 5791
4280 5921
4281 5933
4282 5724 5722 5723 5746 5742 5743 5751 5730 5731 5819 5972 5973 5768 5854 5771 5855 5858
4283 6013
4284 6087 5821 5972 5854 5797 6114 5473
4285 5950
4286 6088
4287 5945 5946 5846 5849
4288 6111
4289 6088 5856 6024 5965 6106 5970 6119 6068 5983 6020 5977 5979
4290 6001
4291 5821 6076 6077 6079 6080 5811 5782 5783
4292 6071 5913 5849 5846 5848 6073 6074 6072
4293 6110 6057 5875 6114 5874 6096 5978 5821 5972 5854 5858 5847 6116 5794 6115 5802 5747 6125 5759
4294 5942 5992 5995 5820
4295 5685
4296 5748 5747 5738 5764 5812 5814 5838 5880 5882 6004 6007 6126 6127 6128 6063 6064 6065 6066 6032 6033 5716 5717 5718 5719 5749 5750 5893 5796 5797 6121 6122 6120 6118 6117 6115 6091 6094 6087 6088 6089 6072 6060 6062 6057 6059 6054 6055 6034 6041 6044 6046 6024 6017 6021 6018 6016 5777 5778 6009 5779 5977 5983 5946 5947 5945 5970 5968 5966 5955 5962 5939 5943 5940 5941 5934 5931 5929 5913 5901 5902 5897 5872 5874 5876 5878 5867 5868 5854 5858 5857 5791
4297 6014
4298 6015
4299 5807
4300 4593 5999 5851 5864
4301 4593 6013 5815 5921 5840 5817 6069 6056 5949 5824 5845 5788 5795 5776 5866 5933 5963 6048 6053 6070
4302 5461
4303 4596
4304 6031 6076 5811 5891 5828
4305 821
4306 5738
4307 3263
4308 4594